id,target,prediction
132738, -0.966415, -0.888664
132730, -0.789104, -0.681344
132723, -0.802570, -0.613405
132693, -0.798879, -0.793569
132687, -0.831900, -0.675964
132674, -0.819317, -0.751682
132673, -0.828130, -0.758437
132660, -0.821239, -0.725112
132659, -0.789140, -0.767045
132650, -0.803263, -0.791485
132633, -0.810420, -0.746503
132612, -0.826312, -0.836869
132592, -0.912339, -0.740146
132590, -0.807776, -0.756092
132578, -0.807521, -0.749304
132574, -0.804238, -0.736718
132571, -0.809707, -0.749235
132556, -0.794882, -0.778783
132549, -0.812460, -0.704053
132529, -0.803745, -0.750296
132526, -0.804489, -0.757620
132521, -0.798817, -0.678897
132519, -0.853756, -0.717433
132491, -0.808756, -0.748088
132480, -0.799727, -0.721067
132466, -0.801981, -0.764022
132449, -0.788979, -0.755286
132433, -0.879788, -0.754721
132430, -0.895239, -0.791223
132417, -0.818039, -0.711167
132416, -0.796673, -0.756822
132405, -0.833103, -0.808634
132398, -0.874602, -0.699231
132389, -0.796587, -0.635504
132371, -0.796696, -0.652414
132364, -0.788701, -0.714856
132350, -0.922421, -0.731078
132342, -0.822233, -0.606645
132337, -0.826112, -0.761991
132335, -0.897797, -0.837768
132331, -0.842370, -0.685703
132327, -0.867470, -0.634897
132324, -0.932236, -0.787298
132278, -0.806682, -0.721086
132277, -0.779114, -0.773515
132255, -0.922835, -0.780799
132251, -0.862306, -0.746103
132242, -0.780278, -0.691576
132238, -0.814518, -0.768963
132226, -0.896216, -0.821963
132225, -0.817337, -0.715095
132218, -0.883999, -0.764360
132210, -0.850258, -0.768739
132196, -0.834956, -0.798152
132189, -0.881424, -0.812898
132186, -0.808597, -0.663858
132184, -0.823382, -0.744040
132179, -0.814390, -0.748225
132176, -0.832104, -0.732153
132156, -0.793006, -0.731818
132155, -0.784819, -0.759924
132152, -0.793013, -0.768232
132144, -0.826006, -0.763236
132137, -0.797979, -0.695883
132122, -0.844110, -0.718087
132115, -0.830920, -0.727105
132092, -0.904361, -0.675632
132080, -0.810130, -0.700695
132051, -0.808350, -0.742588
132047, -0.890456, -0.676810
132010, -0.907869, -0.839325
132000, -0.795785, -0.767031
131998, -0.879076, -0.701608
131980, -0.784791, -0.737064
131979, -0.824418, -0.773144
131976, -0.900267, -0.820639
131953, -0.806020, -0.756497
131920, -0.820008, -0.735491
131917, -0.803353, -0.758311
131898, -0.901567, -0.816220
131893, -0.926548, -0.858555
131883, -0.792413, -0.737613
131865, -0.868875, -0.786030
131846, -0.801311, -0.698469
131805, -0.802630, -0.798158
131800, -0.834632, -0.801160
131796, -0.880678, -0.751969
131766, -0.815408, -0.733738
131760, -0.784503, -0.758093
131759, -0.789457, -0.760921
131755, -0.823511, -0.729063
131751, -0.735436, -0.662014
131746, -0.736034, -0.716961
131737, -0.772355, -0.664424
131732, -0.725415, -0.705570
131717, -0.745492, -0.573339
131714, -0.741804, -0.665086
131703, -0.767535, -0.746104
131647, -0.743317, -0.691465
131643, -0.758475, -0.737510
131630, -0.740160, -0.679936
131595, -0.751480, -0.721025
131594, -0.753032, -0.735389
131590, -0.734153, -0.580272
131551, -0.755735, -0.658468
131538, -0.774856, -0.759226
131535, -0.777927, -0.775535
131513, -0.740423, -0.750416
131501, -0.730808, -0.728598
131488, -0.748833, -0.658124
131473, -0.754822, -0.710336
131438, -0.722401, -0.677965
131407, -0.753644, -0.608654
131385, -0.757070, -0.705083
131382, -0.769579, -0.659664
131368, -0.775269, -0.726845
131364, -0.733353, -0.711894
131341, -0.756705, -0.723537
131316, -0.729672, -0.639740
131315, -0.744162, -0.724858
131303, -0.767437, -0.718756
131301, -0.771018, -0.689106
131300, -0.739265, -0.622743
131249, -0.771362, -0.658864
131220, -0.746347, -0.725271
131219, -0.724259, -0.686997
131209, -0.737995, -0.716659
131206, -0.723978, -0.669109
131202, -0.741915, -0.709426
131201, -0.751949, -0.734495
131169, -0.753101, -0.712835
131156, -0.757550, -0.779480
131148, -0.737794, -0.707323
131140, -0.728171, -0.652062
131108, -0.767034, -0.728342
131102, -0.746024, -0.732493
131096, -0.771231, -0.793295
131092, -0.734192, -0.741463
131084, -0.764109, -0.730059
131071, -0.761512, -0.720723
131056, -0.740153, -0.710385
131055, -0.761046, -0.721692
131052, -0.739540, -0.685592
131051, -0.771184, -0.714618
131049, -0.725570, -0.785429
131043, -0.734508, -0.698080
131032, -0.771244, -0.735429
131028, -0.744819, -0.724906
131027, -0.722644, -0.702291
131024, -0.725630, -0.689897
131021, -0.735362, -0.675862
131020, -0.778173, -0.689555
131017, -0.765010, -0.727147
131009, -0.727666, -0.719641
131006, -0.758630, -0.756931
130984, -0.753755, -0.632809
130961, -0.725367, -0.643182
130955, -0.767908, -0.725316
130930, -0.734525, -0.693464
130907, -0.769726, -0.664158
130889, -0.737377, -0.689014
130849, -0.737828, -0.612157
130845, -0.776931, -0.774700
130829, -0.734623, -0.722816
130807, -0.758015, -0.522038
130805, -0.773973, -0.673475
130802, -0.724875, -0.690444
130797, -0.751681, -0.741449
130794, -0.776991, -0.740625
130788, -0.752205, -0.708721
130782, -0.774419, -0.664176
130781, -0.724147, -0.695984
130779, -0.758714, -0.628852
130773, -0.729033, -0.588326
130772, -0.755981, -0.599986
130767, -0.754372, -0.664106
130755, -0.726544, -0.686728
130743, -0.692802, -0.684195
130718, -0.697728, -0.544286
130711, -0.699567, -0.615669
130710, -0.691891, -0.664924
130708, -0.718400, -0.659574
130706, -0.686387, -0.474855
130686, -0.695802, -0.594065
130664, -0.704045, -0.621835
130647, -0.701453, -0.658511
130645, -0.687566, -0.629624
130642, -0.708665, -0.675253
130635, -0.697303, -0.647655
130625, -0.696308, -0.597226
130612, -0.687121, -0.684871
130603, -0.702387, -0.671067
130598, -0.687429, -0.626771
130587, -0.703687, -0.642211
130575, -0.686307, -0.675034
130556, -0.716359, -0.685961
130553, -0.697081, -0.688954
130551, -0.712998, -0.745338
130550, -0.714353, -0.787010
130548, -0.687288, -0.646291
130538, -0.695579, -0.692647
130522, -0.720879, -0.681988
130511, -0.688565, -0.647202
130508, -0.698156, -0.642275
130484, -0.701958, -0.675178
130482, -0.698983, -0.678150
130471, -0.708068, -0.760138
130441, -0.708782, -0.560011
130433, -0.697073, -0.538671
130403, -0.706487, -0.663899
130392, -0.697415, -0.624815
130366, -0.693826, -0.538908
130351, -0.686684, -0.588610
130322, -0.697519, -0.597957
130309, -0.695788, -0.697613
130307, -0.718508, -0.670043
130302, -0.685885, -0.656376
130297, -0.711353, -0.668743
130295, -0.716414, -0.584657
130282, -0.703933, -0.667615
130277, -0.693812, -0.621288
130273, -0.698875, -0.690549
130272, -0.687010, -0.601172
130268, -0.693667, -0.640347
130261, -0.718384, -0.684668
130225, -0.721304, -0.672397
130214, -0.709603, -0.676300
130191, -0.686320, -0.666481
130176, -0.714105, -0.659590
130171, -0.721108, -0.720293
130147, -0.700493, -0.697768
130137, -0.703784, -0.699619
130126, -0.692455, -0.594169
130106, -0.706496, -0.675375
130105, -0.703955, -0.679464
130081, -0.705755, -0.744153
130072, -0.694138, -0.698173
130052, -0.697507, -0.603301
130045, -0.702037, -0.657283
130042, -0.714294, -0.688513
130036, -0.701989, -0.658202
130034, -0.685830, -0.643758
130030, -0.719452, -0.589492
130017, -0.714831, -0.696872
130011, -0.715223, -0.704303
130003, -0.720984, -0.700433
129978, -0.690567, -0.691156
129977, -0.717751, -0.630328
129974, -0.708258, -0.631243
129971, -0.695037, -0.505248
129964, -0.696891, -0.506253
129962, -0.689342, -0.526074
129939, -0.708703, -0.634360
129936, -0.690189, -0.672376
129931, -0.703615, -0.669248
129899, -0.693449, -0.600000
129896, -0.721601, -0.674301
129890, -0.710675, -0.626805
129889, -0.705807, -0.640132
129880, -0.711090, -0.652919
129875, -0.715148, -0.701431
129872, -0.712751, -0.646412
129859, -0.718283, -0.656691
129853, -0.690651, -0.757729
129848, -0.710933, -0.717356
129828, -0.699803, -0.611766
129787, -0.691257, -0.632436
129774, -0.699752, -0.588682
129770, -0.717289, -0.635071
129755, -0.717925, -0.666670
129752, -0.691753, -0.630371
129730, -0.667315, -0.631647
129707, -0.664291, -0.556448
129698, -0.657525, -0.530929
129692, -0.661636, -0.624428
129677, -0.662469, -0.632764
129667, -0.678448, -0.649948
129660, -0.664576, -0.660564
129646, -0.679746, -0.607293
129624, -0.670251, -0.619350
129623, -0.668456, -0.624638
129622, -0.684200, -0.642508
129619, -0.677957, -0.643289
129616, -0.671047, -0.616732
129608, -0.667182, -0.560670
129606, -0.661663, -0.678866
129604, -0.665344, -0.663913
129591, -0.669394, -0.660916
129590, -0.678655, -0.692293
129547, -0.658104, -0.628841
129541, -0.665931, -0.645263
129537, -0.674549, -0.669471
129532, -0.673641, -0.665503
129525, -0.663235, -0.651229
129524, -0.677623, -0.629319
129519, -0.673838, -0.681404
129515, -0.667096, -0.590117
129508, -0.659691, -0.581427
129507, -0.674835, -0.665089
129504, -0.664559, -0.630140
129491, -0.672862, -0.657220
129482, -0.680306, -0.607694
129471, -0.683548, -0.602308
129465, -0.656242, -0.630221
129450, -0.676668, -0.623752
129427, -0.675701, -0.590249
129424, -0.683368, -0.639673
129422, -0.658309, -0.683624
129420, -0.666465, -0.584121
129416, -0.683226, -0.617892
129378, -0.683465, -0.602414
129357, -0.670027, -0.608753
129353, -0.674071, -0.647728
129352, -0.665123, -0.612367
129339, -0.661216, -0.539232
129323, -0.656618, -0.550810
129320, -0.676232, -0.615739
129318, -0.655934, -0.722026
129311, -0.668642, -0.643311
129306, -0.659353, -0.591010
129303, -0.678909, -0.595994
129302, -0.658615, -0.639953
129283, -0.662615, -0.570291
129280, -0.677301, -0.524472
129278, -0.680138, -0.618203
129277, -0.679761, -0.583066
129263, -0.675892, -0.594600
129248, -0.659810, -0.636288
129241, -0.678576, -0.590464
129219, -0.674146, -0.599228
129198, -0.682193, -0.624967
129169, -0.665660, -0.623446
129158, -0.657530, -0.608944
129134, -0.682679, -0.647264
129116, -0.659669, -0.617537
129110, -0.670252, -0.668281
129108, -0.663837, -0.617640
129099, -0.661359, -0.644870
129086, -0.664287, -0.650544
129078, -0.666318, -0.639506
129077, -0.679681, -0.661400
129063, -0.661727, -0.642903
129060, -0.665027, -0.656032
129055, -0.683466, -0.688622
129053, -0.662236, -0.524127
129051, -0.682739, -0.626834
129048, -0.662732, -0.691440
129046, -0.657055, -0.692307
129045, -0.681961, -0.614635
129028, -0.657493, -0.609448
129019, -0.674413, -0.570519
129012, -0.668110, -0.653082
128989, -0.662645, -0.653404
128977, -0.663517, -0.597539
128959, -0.667459, -0.561021
128952, -0.680978, -0.648895
128944, -0.682656, -0.532066
128943, -0.663373, -0.550330
128937, -0.682794, -0.624475
128935, -0.674202, -0.627310
128934, -0.666814, -0.438691
128924, -0.684518, -0.650851
128919, -0.656531, -0.626206
128900, -0.678124, -0.625993
128877, -0.664684, -0.639732
128865, -0.677582, -0.661220
128845, -0.659369, -0.599016
128839, -0.657911, -0.622851
128835, -0.673949, -0.657644
128825, -0.658711, -0.659835
128822, -0.658135, -0.630587
128821, -0.671031, -0.588627
128817, -0.677774, -0.656942
128814, -0.670202, -0.628472
128812, -0.677825, -0.720703
128809, -0.672094, -0.553169
128805, -0.671246, -0.725709
128796, -0.656142, -0.610741
128787, -0.664626, -0.534604
128784, -0.665982, -0.526964
128771, -0.680854, -0.669655
128764, -0.671039, -0.669305
128756, -0.677520, -0.613267
128741, -0.643337, -0.577597
128725, -0.654165, -0.700813
128712, -0.650266, -0.648069
128701, -0.650236, -0.523855
128699, -0.641856, -0.654594
128684, -0.635584, -0.633870
128677, -0.641355, -0.590647
128669, -0.650154, -0.557748
128656, -0.641076, -0.474669
128647, -0.640675, -0.616017
128627, -0.635260, -0.521629
128621, -0.643936, -0.603224
128597, -0.640354, -0.577312
128594, -0.651840, -0.655078
128583, -0.634720, -0.618750
128582, -0.648948, -0.626214
128566, -0.651976, -0.606565
128550, -0.643705, -0.579284
128519, -0.646633, -0.589438
128513, -0.654705, -0.339352
128512, -0.651497, -0.513548
128486, -0.655871, -0.527162
128475, -0.653155, -0.798143
128469, -0.650105, -0.693232
128457, -0.637598, -0.570261
128450, -0.650451, -0.511723
128447, -0.637206, -0.616370
128442, -0.637815, -0.587650
128413, -0.650938, -0.660820
128401, -0.646175, -0.548378
128396, -0.644576, -0.579998
128390, -0.635501, -0.590549
128384, -0.648264, -0.637174
128360, -0.650233, -0.658788
128324, -0.637609, -0.597641
128314, -0.652206, -0.620242
128304, -0.652003, -0.519378
128300, -0.655070, -0.592318
128297, -0.654202, -0.590663
128277, -0.633822, -0.633382
128250, -0.642290, -0.590214
128238, -0.654848, -0.661353
128230, -0.633430, -0.497832
128198, -0.632604, -0.619359
128195, -0.649023, -0.589888
128190, -0.647179, -0.649921
128186, -0.640730, -0.550018
128175, -0.647106, -0.627721
128165, -0.655751, -0.588376
128159, -0.640963, -0.562642
128151, -0.648164, -0.607485
128143, -0.632259, -0.565484
128125, -0.637709, -0.629201
128109, -0.648783, -0.538319
128104, -0.642491, -0.570068
128097, -0.651057, -0.648297
128085, -0.646603, -0.571990
128084, -0.639182, -0.615907
128067, -0.649020, -0.571060
128061, -0.638046, -0.623219
128060, -0.650920, -0.645698
128052, -0.649263, -0.640978
128051, -0.638095, -0.616349
128043, -0.647146, -0.608991
128041, -0.640988, -0.615731
128038, -0.639145, -0.623746
128036, -0.646477, -0.634371
128033, -0.635647, -0.508465
128032, -0.635696, -0.609918
128029, -0.633193, -0.584517
128028, -0.646845, -0.567283
128026, -0.638552, -0.556471
128019, -0.634744, -0.691517
128014, -0.633273, -0.580129
128011, -0.634164, -0.497715
128001, -0.631789, -0.619008
127995, -0.643540, -0.567491
127994, -0.642063, -0.640238
127983, -0.648748, -0.602811
127975, -0.644771, -0.598299
127947, -0.640714, -0.594700
127907, -0.642208, -0.604924
127899, -0.642823, -0.600916
127898, -0.652374, -0.603878
127897, -0.634447, -0.617283
127858, -0.644738, -0.622029
127854, -0.654831, -0.623613
127830, -0.641671, -0.560494
127823, -0.646406, -0.632021
127822, -0.634306, -0.572724
127813, -0.653634, -0.640397
127804, -0.653510, -0.624030
127797, -0.646438, -0.601978
127777, -0.640166, -0.490838
127776, -0.640527, -0.526666
127770, -0.635347, -0.614186
127769, -0.632022, -0.597902
127768, -0.644326, -0.591438
127755, -0.638676, -0.594280
127742, -0.614513, -0.537367
127741, -0.614606, -0.580299
127730, -0.623935, -0.614392
127719, -0.618537, -0.608452
127712, -0.614184, -0.556603
127705, -0.620694, -0.469184
127703, -0.625326, -0.612556
127700, -0.630670, -0.615830
127696, -0.617175, -0.524698
127670, -0.628229, -0.602625
127665, -0.629152, -0.624804
127661, -0.620059, -0.624820
127655, -0.619741, -0.648640
127647, -0.615070, -0.571324
127644, -0.620628, -0.468398
127638, -0.627146, -0.623417
127634, -0.620916, -0.573235
127625, -0.618629, -0.674534
127617, -0.617966, -0.508097
127612, -0.626782, -0.621787
127609, -0.624969, -0.563264
127557, -0.625587, -0.508653
127509, -0.629223, -0.627820
127502, -0.626155, -0.600924
127488, -0.620282, -0.608339
127485, -0.631130, -0.614147
127479, -0.620217, -0.538496
127462, -0.621218, -0.612376
127447, -0.622284, -0.614001
127436, -0.621467, -0.618419
127427, -0.622294, -0.620209
127425, -0.624207, -0.621942
127417, -0.622222, -0.511810
127403, -0.619965, -0.578355
127388, -0.618732, -0.615640
127380, -0.624008, -0.618918
127378, -0.630794, -0.512744
127368, -0.618244, -0.575938
127360, -0.626164, -0.562646
127333, -0.613984, -0.578278
127326, -0.630959, -0.519189
127325, -0.624738, -0.567820
127315, -0.620598, -0.599048
127304, -0.622875, -0.613625
127292, -0.618740, -0.594431
127290, -0.623472, -0.615783
127289, -0.625774, -0.617597
127260, -0.617829, -0.537833
127256, -0.618251, -0.608342
127255, -0.631234, -0.539635
127250, -0.621594, -0.568862
127247, -0.623580, -0.617544
127226, -0.617963, -0.549739
127213, -0.617498, -0.599725
127212, -0.630482, -0.561589
127205, -0.622343, -0.620203
127201, -0.630965, -0.595149
127193, -0.622863, -0.539232
127184, -0.628211, -0.638205
127180, -0.615146, -0.546505
127177, -0.626852, -0.575928
127171, -0.625692, -0.541361
127165, -0.624344, -0.619922
127158, -0.622520, -0.615477
127156, -0.624552, -0.618914
127153, -0.616002, -0.580565
127143, -0.630782, -0.621780
127107, -0.617985, -0.553699
127104, -0.619637, -0.588746
127095, -0.622064, -0.613445
127094, -0.615804, -0.598262
127085, -0.619236, -0.624197
127083, -0.614000, -0.572570
127081, -0.623630, -0.600966
127061, -0.617148, -0.712841
127059, -0.624223, -0.627960
127052, -0.614677, -0.541710
127042, -0.623456, -0.576877
127028, -0.621217, -0.604986
127027, -0.624726, -0.607704
127023, -0.619807, -0.587138
127008, -0.617997, -0.605760
127007, -0.615488, -0.518710
127002, -0.623603, -0.588055
126992, -0.626466, -0.553296
126987, -0.616146, -0.611215
126984, -0.618895, -0.591069
126961, -0.619392, -0.602087
126960, -0.625612, -0.646730
126958, -0.625027, -0.699178
126955, -0.629219, -0.670063
126945, -0.620690, -0.611944
126940, -0.618999, -0.589844
126938, -0.624685, -0.540393
126933, -0.614969, -0.799596
126913, -0.625566, -0.583700
126912, -0.615149, -0.579084
126908, -0.619413, -0.578226
126892, -0.615393, -0.560490
126872, -0.627519, -0.629296
126856, -0.617887, -0.644454
126854, -0.615311, -0.713314
126849, -0.620687, -0.612883
126834, -0.618725, -0.592525
126828, -0.623180, -0.586881
126808, -0.621733, -0.611524
126807, -0.626629, -0.603171
126791, -0.614975, -0.598755
126782, -0.624567, -0.603414
126769, -0.623331, -0.544240
126768, -0.630462, -0.595238
126762, -0.613988, -0.583134
126759, -0.630101, -0.621119
126755, -0.617923, -0.553676
126753, -0.620349, -0.518597
126750, -0.596936, -0.558016
126741, -0.601662, -0.542695
126729, -0.612338, -0.694950
126705, -0.603736, -0.572210
126703, -0.602112, -0.642399
126700, -0.610372, -0.717043
126695, -0.613317, -0.577376
126691, -0.601414, -0.586694
126680, -0.604369, -0.589736
126677, -0.600681, -0.594709
126676, -0.606552, -0.577744
126675, -0.599782, -0.569066
126660, -0.597993, -0.590329
126657, -0.608507, -0.592418
126645, -0.597308, -0.455519
126626, -0.602888, -0.569841
126609, -0.597968, -0.581721
126606, -0.601246, -0.564058
126578, -0.598982, -0.587829
126573, -0.611523, -0.586200
126564, -0.599850, -0.482097
126553, -0.601374, -0.537517
126548, -0.611413, -0.623074
126540, -0.612371, -0.513182
126531, -0.601297, -0.558153
126525, -0.605543, -0.570385
126523, -0.604775, -0.596679
126494, -0.601499, -0.630342
126487, -0.601072, -0.585511
126449, -0.607916, -0.544408
126448, -0.608336, -0.545630
126443, -0.604355, -0.590644
126437, -0.612218, -0.596450
126435, -0.607409, -0.625025
126429, -0.605494, -0.535753
126420, -0.608913, -0.606643
126414, -0.601351, -0.604023
126402, -0.604411, -0.584091
126391, -0.613353, -0.573042
126389, -0.605299, -0.592952
126383, -0.601008, -0.580127
126382, -0.604113, -0.603615
126366, -0.602501, -0.599963
126340, -0.609140, -0.725420
126325, -0.607830, -0.528322
126321, -0.605847, -0.593690
126305, -0.600806, -0.559560
126270, -0.596800, -0.562510
126255, -0.607970, -0.596566
126247, -0.611337, -0.434773
126239, -0.601856, -0.531069
126238, -0.611293, -0.580439
126215, -0.612048, -0.600960
126181, -0.603689, -0.556350
126171, -0.598387, -0.577403
126166, -0.602569, -0.490051
126155, -0.613394, -0.614501
126154, -0.609537, -0.528892
126141, -0.599980, -0.526930
126138, -0.606235, -0.580749
126129, -0.603581, -0.483078
126123, -0.602916, -0.554607
126115, -0.606593, -0.633321
126107, -0.607225, -0.560985
126104, -0.610691, -0.561399
126097, -0.610106, -0.500896
126092, -0.598143, -0.565214
126089, -0.604410, -0.593893
126082, -0.601472, -0.669189
126073, -0.598986, -0.584947
126066, -0.605287, -0.597148
126047, -0.602446, -0.535184
126043, -0.606557, -0.565373
126016, -0.598774, -0.566831
126011, -0.601135, -0.591630
126007, -0.603136, -0.564733
125968, -0.605506, -0.543717
125953, -0.597291, -0.623431
125947, -0.597157, -0.585061
125930, -0.608995, -0.603173
125928, -0.607807, -0.591560
125880, -0.606384, -0.598832
125874, -0.608270, -0.598946
125873, -0.604947, -0.597948
125856, -0.608139, -0.575874
125845, -0.609070, -0.497570
125830, -0.606045, -0.579294
125808, -0.603533, -0.542308
125790, -0.599426, -0.567226
125776, -0.609427, -0.585787
125766, -0.611770, -0.584388
125764, -0.597500, -0.575005
125753, -0.607803, -0.472206
125740, -0.587961, -0.595874
125729, -0.585614, -0.555224
125722, -0.585734, -0.434956
125719, -0.585112, -0.580025
125711, -0.587858, -0.577355
125701, -0.594234, -0.572763
125696, -0.582302, -0.569693
125681, -0.593136, -0.566931
125680, -0.582455, -0.574677
125669, -0.594412, -0.570774
125664, -0.595107, -0.576595
125642, -0.581628, -0.547732
125628, -0.586948, -0.540066
125627, -0.590148, -0.539634
125611, -0.592956, -0.568233
125603, -0.595364, -0.572658
125595, -0.586124, -0.571223
125580, -0.585397, -0.568440
125570, -0.586957, -0.574003
125565, -0.584337, -0.572059
125563, -0.585503, -0.568821
125547, -0.588935, -0.529392
125546, -0.589970, -0.553148
125532, -0.586710, -0.509493
125529, -0.589616, -0.532800
125521, -0.592683, -0.549225
125489, -0.595262, -0.603390
125478, -0.594112, -0.559277
125462, -0.590156, -0.582066
125459, -0.591859, -0.560593
125455, -0.596173, -0.574371
125413, -0.582601, -0.515184
125387, -0.592255, -0.545974
125366, -0.594464, -0.607433
125365, -0.595497, -0.557493
125340, -0.581848, -0.566961
125336, -0.585281, -0.571845
125332, -0.593646, -0.597670
125310, -0.585822, -0.580390
125307, -0.591877, -0.536713
125304, -0.588918, -0.580264
125289, -0.584159, -0.524559
125288, -0.591083, -0.533399
125274, -0.594938, -0.578923
125246, -0.587786, -0.536497
125241, -0.588719, -0.581173
125234, -0.584908, -0.531181
125220, -0.590403, -0.597496
125219, -0.587154, -0.520650
125206, -0.591471, -0.579548
125199, -0.584972, -0.666068
125194, -0.591957, -0.572714
125186, -0.594385, -0.496062
125185, -0.582509, -0.562676
125172, -0.589176, -0.562560
125166, -0.596245, -0.553803
125158, -0.589952, -0.582402
125139, -0.584887, -0.530139
125137, -0.596121, -0.570291
125120, -0.587066, -0.516808
125117, -0.591999, -0.515903
125114, -0.582944, -0.593282
125103, -0.587221, -0.569913
125099, -0.587501, -0.547936
125087, -0.595843, -0.517229
125070, -0.588338, -0.565880
125040, -0.581565, -0.606833
125039, -0.587071, -0.560579
125021, -0.582449, -0.475150
125002, -0.595434, -0.618863
124997, -0.590112, -0.543290
124994, -0.581920, -0.564337
124979, -0.585308, -0.585754
124978, -0.586045, -0.544249
124966, -0.581979, -0.551765
124960, -0.582299, -0.506369
124942, -0.591985, -0.515879
124941, -0.590794, -0.643294
124915, -0.593715, -0.571186
124901, -0.594787, -0.611759
124892, -0.594784, -0.609003
124888, -0.588782, -0.557776
124886, -0.588933, -0.529793
124860, -0.585475, -0.584656
124855, -0.582895, -0.576712
124854, -0.589085, -0.589190
124850, -0.589338, -0.597257
124849, -0.591364, -0.571543
124834, -0.585340, -0.501106
124833, -0.592561, -0.522351
124826, -0.586482, -0.528474
124816, -0.595674, -0.521547
124813, -0.589204, -0.520620
124800, -0.590668, -0.580539
124761, -0.592659, -0.557791
124760, -0.589801, -0.531319
124718, -0.570577, -0.543550
124712, -0.568957, -0.618569
124706, -0.576050, -0.570682
124696, -0.580798, -0.573321
124694, -0.574989, -0.567950
124693, -0.566294, -0.553412
124681, -0.574319, -0.521235
124673, -0.566270, -0.436753
124661, -0.566293, -0.439898
124632, -0.568894, -0.538781
124625, -0.566444, -0.510633
124588, -0.571765, -0.562604
124585, -0.569267, -0.581811
124575, -0.571514, -0.544958
124570, -0.575672, -0.579246
124560, -0.580185, -0.560847
124550, -0.573183, -0.574952
124543, -0.568674, -0.397896
124517, -0.572842, -0.636550
124505, -0.570748, -0.558094
124495, -0.570140, -0.568974
124484, -0.572719, -0.548235
124481, -0.579696, -0.576822
124476, -0.566744, -0.444003
124475, -0.572599, -0.570308
124470, -0.577877, -0.530455
124453, -0.578176, -0.586662
124419, -0.577699, -0.543714
124402, -0.569481, -0.530295
124396, -0.567606, -0.542931
124383, -0.580952, -0.528356
124362, -0.578330, -0.528262
124359, -0.577954, -0.515512
124358, -0.578100, -0.532936
124350, -0.573842, -0.564302
124343, -0.567459, -0.534047
124339, -0.565892, -0.554968
124326, -0.570577, -0.582957
124304, -0.570916, -0.557917
124279, -0.579644, -0.662441
124276, -0.569174, -0.573177
124265, -0.573261, -0.572223
124248, -0.579940, -0.555644
124242, -0.577126, -0.555604
124233, -0.573785, -0.475747
124229, -0.577971, -0.549341
124206, -0.574116, -0.465185
124179, -0.577713, -0.568342
124164, -0.578165, -0.503836
124143, -0.578216, -0.519911
124132, -0.567648, -0.500736
124111, -0.571994, -0.536707
124097, -0.579449, -0.512309
124092, -0.568269, -0.440149
124081, -0.577102, -0.545270
124073, -0.567775, -0.556701
124070, -0.575565, -0.631545
124068, -0.579093, -0.567545
124063, -0.580846, -0.548509
124059, -0.577187, -0.549272
124046, -0.573117, -0.609963
124045, -0.571053, -0.532907
124031, -0.579815, -0.576875
124015, -0.570492, -0.569772
124010, -0.573224, -0.523047
124000, -0.572133, -0.523288
123983, -0.580503, -0.720603
123977, -0.568191, -0.559998
123971, -0.575603, -0.523247
123960, -0.574333, -0.545249
123954, -0.572011, -0.553071
123949, -0.572941, -0.525715
123946, -0.576014, -0.562686
123937, -0.572456, -0.551800
123934, -0.567865, -0.575419
123930, -0.580709, -0.507798
123929, -0.570633, -0.487187
123917, -0.577376, -0.679723
123903, -0.579969, -0.525691
123897, -0.570945, -0.605889
123888, -0.574536, -0.558682
123887, -0.576928, -0.557135
123885, -0.566900, -0.596591
123881, -0.580569, -0.570276
123870, -0.571455, -0.524411
123867, -0.577095, -0.556087
123850, -0.567346, -0.529372
123828, -0.577760, -0.554600
123815, -0.575259, -0.504809
123814, -0.572568, -0.551475
123809, -0.579052, -0.561342
123807, -0.569228, -0.738918
123799, -0.571696, -0.571034
123789, -0.567360, -0.527062
123787, -0.574620, -0.522008
123786, -0.580216, -0.551893
123776, -0.572543, -0.551928
123773, -0.567086, -0.591042
123772, -0.573337, -0.516824
123758, -0.566206, -0.538935
123757, -0.572546, -0.613821
123746, -0.558448, -0.549565
123729, -0.555820, -0.469098
123726, -0.557354, -0.564774
123721, -0.556610, -0.611032
123716, -0.557618, -0.572664
123707, -0.557727, -0.554462
123671, -0.561311, -0.545032
123659, -0.559515, -0.514236
123652, -0.559302, -0.537892
123598, -0.560533, -0.482369
123581, -0.558412, -0.576428
123577, -0.556510, -0.580292
123576, -0.555623, -0.536955
123554, -0.562239, -0.558808
123536, -0.558547, -0.539849
123534, -0.554332, -0.516972
123529, -0.560967, -0.551234
123524, -0.565376, -0.530000
123523, -0.563018, -0.534597
123522, -0.554130, -0.541466
123472, -0.559662, -0.511349
123461, -0.564654, -0.534985
123455, -0.564674, -0.483442
123452, -0.562017, -0.482715
123448, -0.554472, -0.539533
123447, -0.559716, -0.562182
123442, -0.564085, -0.637277
123422, -0.555002, -0.508147
123414, -0.558038, -0.486251
123411, -0.564274, -0.500086
123383, -0.554824, -0.521897
123359, -0.557285, -0.499727
123348, -0.556001, -0.578519
123347, -0.561181, -0.564112
123345, -0.554096, -0.432214
123330, -0.558689, -0.562225
123322, -0.557591, -0.551767
123296, -0.557684, -0.544954
123291, -0.564387, -0.504391
123288, -0.562755, -0.567332
123285, -0.556712, -0.550060
123274, -0.556970, -0.467701
123271, -0.561884, -0.532856
123258, -0.555191, -0.529757
123240, -0.556459, -0.507571
123239, -0.562288, -0.451894
123231, -0.556908, -0.548241
123224, -0.559783, -0.542745
123176, -0.565575, -0.593884
123171, -0.563287, -0.515221
123162, -0.555686, -0.598884
123150, -0.562572, -0.548211
123108, -0.561619, -0.540272
123094, -0.556553, -0.473089
123069, -0.555596, -0.569879
123062, -0.554434, -0.543847
123043, -0.557870, -0.535078
123016, -0.564818, -0.581114
123011, -0.561550, -0.515332
123006, -0.564472, -0.544214
123003, -0.558245, -0.640076
122989, -0.556013, -0.629206
122964, -0.558683, -0.512296
122949, -0.553753, -0.497567
122943, -0.565679, -0.575730
122932, -0.555151, -0.607948
122884, -0.555747, -0.501437
122879, -0.560144, -0.554779
122861, -0.555992, -0.559353
122857, -0.554411, -0.532968
122853, -0.565401, -0.530379
122834, -0.555938, -0.519762
122831, -0.560509, -0.476648
122828, -0.563965, -0.528061
122827, -0.564141, -0.563502
122800, -0.555649, -0.502547
122788, -0.553653, -0.541032
122781, -0.554147, -0.546987
122776, -0.562718, -0.548084
122772, -0.557632, -0.521101
122771, -0.559170, -0.546538
122767, -0.564539, -0.483667
122745, -0.549947, -0.554447
122738, -0.547117, -0.578087
122729, -0.553079, -0.524779
122706, -0.545857, -0.555707
122694, -0.545415, -0.528035
122680, -0.544359, -0.515496
122647, -0.542654, -0.487017
122637, -0.546051, -0.527208
122629, -0.549418, -0.500786
122602, -0.545742, -0.525228
122595, -0.543537, -0.552564
122592, -0.544163, -0.478079
122591, -0.544822, -0.548355
122586, -0.550882, -0.570348
122584, -0.546745, -0.554880
122552, -0.550405, -0.502378
122549, -0.551738, -0.526133
122540, -0.550936, -0.541302
122527, -0.546159, -0.537962
122519, -0.551499, -0.534209
122504, -0.548193, -0.530375
122503, -0.546175, -0.519130
122499, -0.545694, -0.504590
122486, -0.543632, -0.528457
122480, -0.545672, -0.553418
122477, -0.542994, -0.365083
122470, -0.551712, -0.562916
122465, -0.547667, -0.535899
122461, -0.542402, -0.526393
122454, -0.542899, -0.515933
122449, -0.551840, -0.520480
122432, -0.546626, -0.548167
122430, -0.546485, -0.529269
122426, -0.552826, -0.521702
122423, -0.552910, -0.497274
122408, -0.548929, -0.456803
122405, -0.551379, -0.441697
122402, -0.543154, -0.458581
122372, -0.552938, -0.482805
122362, -0.546889, -0.555061
122350, -0.548367, -0.486265
122333, -0.550029, -0.519415
122322, -0.550044, -0.529951
122315, -0.547590, -0.537179
122305, -0.545357, -0.552708
122288, -0.545983, -0.459244
122279, -0.549410, -0.450124
122273, -0.549314, -0.499254
122256, -0.549640, -0.534823
122249, -0.544160, -0.497782
122241, -0.549444, -0.522796
122222, -0.544353, -0.503731
122219, -0.544051, -0.538689
122190, -0.548913, -0.507897
122188, -0.546781, -0.501174
122184, -0.543170, -0.509955
122176, -0.542481, -0.540576
122166, -0.549439, -0.434702
122152, -0.547601, -0.479423
122142, -0.549030, -0.517334
122137, -0.550277, -0.516380
122121, -0.548648, -0.628944
122114, -0.548654, -0.559846
122113, -0.550348, -0.543853
122104, -0.547831, -0.557177
122099, -0.553303, -0.514273
122096, -0.545536, -0.526851
122082, -0.544524, -0.401766
122079, -0.549004, -0.496328
122077, -0.543476, -0.440786
122068, -0.551716, -0.503507
122067, -0.543086, -0.475585
122039, -0.549430, -0.503094
122034, -0.543888, -0.578934
122013, -0.552849, -0.625237
122007, -0.543236, -0.506205
121973, -0.546403, -0.585519
121968, -0.546235, -0.503541
121950, -0.542547, -0.528421
121939, -0.543081, -0.524450
121930, -0.543013, -0.596428
121928, -0.550689, -0.542984
121900, -0.548185, -0.503978
121891, -0.545108, -0.527467
121885, -0.548442, -0.542514
121883, -0.550008, -0.543985
121880, -0.546825, -0.530701
121876, -0.542979, -0.532200
121872, -0.545905, -0.514932
121870, -0.544171, -0.529992
121866, -0.543483, -0.540005
121857, -0.546468, -0.519300
121831, -0.543829, -0.536411
121825, -0.542584, -0.525408
121805, -0.547213, -0.541533
121800, -0.544843, -0.525952
121794, -0.543246, -0.523302
121791, -0.545157, -0.541397
121789, -0.543045, -0.522645
121785, -0.543661, -0.512455
121784, -0.544991, -0.532455
121780, -0.542407, -0.536345
121774, -0.544205, -0.536704
121752, -0.542043, -0.504243
121735, -0.542112, -0.525400
121717, -0.540972, -0.550415
121708, -0.540301, -0.516446
121707, -0.536343, -0.507114
121703, -0.535787, -0.526782
121691, -0.534061, -0.540407
121685, -0.538082, -0.531294
121653, -0.542089, -0.536096
121636, -0.536987, -0.495435
121629, -0.532945, -0.523160
121615, -0.533184, -0.491449
121602, -0.541098, -0.539073
121589, -0.540790, -0.564921
121523, -0.538845, -0.459992
121512, -0.534267, -0.529370
121509, -0.541283, -0.598140
121508, -0.533533, -0.425066
121507, -0.541825, -0.476875
121504, -0.540723, -0.518107
121503, -0.532971, -0.498206
121493, -0.533542, -0.494297
121489, -0.539534, -0.494128
121479, -0.533515, -0.538795
121452, -0.533876, -0.509745
121446, -0.539012, -0.423367
121421, -0.537608, -0.510132
121406, -0.534008, -0.554078
121403, -0.535628, -0.444789
121395, -0.541954, -0.457992
121394, -0.533580, -0.503531
121387, -0.541243, -0.533799
121379, -0.534596, -0.509151
121375, -0.542124, -0.481446
121312, -0.541895, -0.317479
121271, -0.536070, -0.528552
121267, -0.537212, -0.480617
121244, -0.538256, -0.602902
121241, -0.533227, -0.531139
121225, -0.538631, -0.471257
121223, -0.538327, -0.542492
121219, -0.538640, -0.508407
121211, -0.536512, -0.487336
121208, -0.539999, -0.527730
121206, -0.532960, -0.490948
121202, -0.541651, -0.521259
121176, -0.539983, -0.501453
121175, -0.535064, -0.445630
121174, -0.540486, -0.471874
121161, -0.539500, -0.518633
121157, -0.534872, -0.500010
121155, -0.540521, -0.538570
121147, -0.535087, -0.546610
121135, -0.537113, -0.548958
121134, -0.537733, -0.511919
121105, -0.538472, -0.506531
121101, -0.537416, -0.459847
121088, -0.537199, -0.511606
121085, -0.537725, -0.506020
121074, -0.538944, -0.508547
121065, -0.536067, -0.696972
121062, -0.538806, -0.600129
121054, -0.533231, -0.318438
121045, -0.539680, -0.529928
121041, -0.541092, -0.492184
121038, -0.534300, -0.552737
121037, -0.538380, -0.552485
121017, -0.536301, -0.517079
121006, -0.540850, -0.595292
120980, -0.542170, -0.490942
120971, -0.539308, -0.512976
120966, -0.537502, -0.470572
120965, -0.537214, -0.548586
120949, -0.535014, -0.509008
120948, -0.541816, -0.520368
120933, -0.535110, -0.524082
120921, -0.540710, -0.518155
120918, -0.534999, -0.524022
120913, -0.535790, -0.534476
120911, -0.537591, -0.532446
120887, -0.541485, -0.522064
120880, -0.539563, -0.527712
120877, -0.534328, -0.531003
120865, -0.536349, -0.525415
120841, -0.542170, -0.524936
120821, -0.535206, -0.528826
120810, -0.533939, -0.508681
120798, -0.535762, -0.522891
120793, -0.536306, -0.524076
120792, -0.534187, -0.514205
120776, -0.542086, -0.500439
120768, -0.535891, -0.500433
120765, -0.536074, -0.512538
120762, -0.535138, -0.525462
120758, -0.537660, -0.470043
120716, -0.527746, -0.672836
120709, -0.528492, -0.521857
120708, -0.532447, -0.510308
120697, -0.529460, -0.520944
120691, -0.526723, -0.509231
120669, -0.524162, -0.519801
120665, -0.529114, -0.523968
120662, -0.530076, -0.526143
120654, -0.524769, -0.502902
120647, -0.527385, -0.492999
120645, -0.532317, -0.500530
120631, -0.525636, -0.514518
120622, -0.531517, -0.526434
120587, -0.525557, -0.533103
120580, -0.531334, -0.528705
120579, -0.531740, -0.529184
120578, -0.526988, -0.546206
120577, -0.523449, -0.520970
120566, -0.523228, -0.536775
120552, -0.524015, -0.409009
120545, -0.531786, -0.469255
120540, -0.529721, -0.479418
120536, -0.528668, -0.494036
120535, -0.526372, -0.506569
120530, -0.532423, -0.494735
120527, -0.527325, -0.506623
120518, -0.529040, -0.514913
120517, -0.531407, -0.518889
120511, -0.528572, -0.434141
120502, -0.532874, -0.602463
120490, -0.525353, -0.531125
120472, -0.528127, -0.518929
120468, -0.524897, -0.501525
120461, -0.532638, -0.444089
120414, -0.526692, -0.357902
120413, -0.532139, -0.512652
120409, -0.531513, -0.522397
120395, -0.524112, -0.436050
120372, -0.524523, -0.482421
120363, -0.530900, -0.578302
120323, -0.531573, -0.514963
120310, -0.529320, -0.583791
120297, -0.529907, -0.580848
120281, -0.524378, -0.509250
120265, -0.527221, -0.461896
120240, -0.531656, -0.514850
120225, -0.529697, -0.560324
120213, -0.529978, -0.490826
120211, -0.525133, -0.594057
120207, -0.526691, -0.518786
120200, -0.528855, -0.526618
120198, -0.531843, -0.509193
120191, -0.526405, -0.493478
120189, -0.527336, -0.482999
120187, -0.527529, -0.480763
120186, -0.531919, -0.506981
120181, -0.528862, -0.540139
120180, -0.524599, -0.529818
120177, -0.529077, -0.463896
120132, -0.530667, -0.495515
120122, -0.531586, -0.494973
120120, -0.530980, -0.512987
120117, -0.531173, -0.530133
120114, -0.527198, -0.425900
120109, -0.532128, -0.504030
120106, -0.523191, -0.482707
120103, -0.526940, -0.485601
120099, -0.532571, -0.570112
120084, -0.523414, -0.634023
120082, -0.529564, -0.539352
120053, -0.530956, -0.473867
120042, -0.526141, -0.559816
120040, -0.525034, -0.563366
120039, -0.526704, -0.492388
120031, -0.530818, -0.544052
120025, -0.525128, -0.635717
120015, -0.525557, -0.471218
120011, -0.526526, -0.526490
120010, -0.532065, -0.530710
120008, -0.527276, -0.508000
120002, -0.525139, -0.482630
119997, -0.530236, -0.456702
119991, -0.527386, -0.514316
119987, -0.531579, -0.472489
119986, -0.525300, -0.553632
119948, -0.529779, -0.537379
119947, -0.530223, -0.537658
119934, -0.531014, -0.541722
119918, -0.525064, -0.531061
119906, -0.530814, -0.531084
119886, -0.529258, -0.521168
119877, -0.527390, -0.503142
119872, -0.529203, -0.499830
119870, -0.524580, -0.498638
119869, -0.529532, -0.520257
119866, -0.526426, -0.519836
119863, -0.524886, -0.513278
119853, -0.530501, -0.517979
119833, -0.528567, -0.518506
119829, -0.528472, -0.526665
119820, -0.524613, -0.502323
119818, -0.523481, -0.516911
119808, -0.525575, -0.489988
119805, -0.530916, -0.503599
119796, -0.525099, -0.504172
119780, -0.531872, -0.527910
119756, -0.532878, -0.525493
119741, -0.521285, -0.485307
119737, -0.522719, -0.477695
119734, -0.523116, -0.520780
119731, -0.516602, -0.531711
119724, -0.514747, -0.432491
119719, -0.521631, -0.519394
119703, -0.518297, -0.359025
119683, -0.514077, -0.485477
119678, -0.518549, -0.482020
119660, -0.518084, -0.460282
119659, -0.514129, -0.506636
119657, -0.517888, -0.504702
119653, -0.514552, -0.505343
119632, -0.513743, -0.504467
119579, -0.513487, -0.489641
119565, -0.521976, -0.521563
119561, -0.519490, -0.511290
119556, -0.520557, -0.486069
119554, -0.514729, -0.480379
119538, -0.514789, -0.510248
119532, -0.515736, -0.407970
119531, -0.513736, -0.394329
119522, -0.519544, -0.478792
119520, -0.519507, -0.520105
119518, -0.523068, -0.445757
119510, -0.516343, -0.507838
119500, -0.522544, -0.477742
119497, -0.522269, -0.465176
119494, -0.522412, -0.498831
119490, -0.519675, -0.526748
119482, -0.521792, -0.478881
119474, -0.515789, -0.471889
119472, -0.513633, -0.501037
119462, -0.520977, -0.505909
119449, -0.513924, -0.445657
119445, -0.519834, -0.456751
119439, -0.518646, -0.484317
119413, -0.514945, -0.596718
119408, -0.515155, -0.563054
119402, -0.515902, -0.451687
119392, -0.520689, -0.426188
119379, -0.517523, -0.539512
119376, -0.514056, -0.543231
119350, -0.517411, -0.507098
119346, -0.515325, -0.468053
119332, -0.521550, -0.512792
119328, -0.520925, -0.575194
119297, -0.518699, -0.498647
119289, -0.516032, -0.507582
119276, -0.513971, -0.486795
119270, -0.514286, -0.505781
119256, -0.514533, -0.373198
119236, -0.519583, -0.509315
119229, -0.518470, -0.480582
119224, -0.514816, -0.467096
119220, -0.520254, -0.586510
119216, -0.523135, -0.553239
119211, -0.518069, -0.565643
119191, -0.520423, -0.427707
119160, -0.513775, -0.661915
119137, -0.516191, -0.551927
119131, -0.513890, -0.498914
119110, -0.519710, -0.498587
119100, -0.519264, -0.625580
119099, -0.521445, -0.587982
119077, -0.519820, -0.465106
119072, -0.521538, -0.503213
119070, -0.516545, -0.448763
119063, -0.513936, -0.583081
118986, -0.516187, -0.455495
118982, -0.518853, -0.568597
118975, -0.522827, -0.524220
118974, -0.516176, -0.495379
118971, -0.514889, -0.526674
118962, -0.521841, -0.533333
118948, -0.517906, -0.531359
118946, -0.518538, -0.488921
118922, -0.523029, -0.524445
118919, -0.519066, -0.480576
118918, -0.517491, -0.516531
118917, -0.520995, -0.479811
118916, -0.520440, -0.519237
118894, -0.522087, -0.512142
118892, -0.518657, -0.484861
118889, -0.521541, -0.510890
118887, -0.520003, -0.511893
118880, -0.516770, -0.504730
118876, -0.522484, -0.517480
118858, -0.523135, -0.507931
118850, -0.518036, -0.519856
118828, -0.518856, -0.497999
118825, -0.522891, -0.525023
118806, -0.514783, -0.491453
118793, -0.521107, -0.485893
118786, -0.513692, -0.500246
118779, -0.516269, -0.510005
118776, -0.516679, -0.464878
118771, -0.521922, -0.540247
118758, -0.521913, -0.479720
118734, -0.510809, -0.517387
118723, -0.508956, -0.534152
118722, -0.504528, -0.432173
118712, -0.508631, -0.448781
118707, -0.506271, -0.491744
118706, -0.508930, -0.452208
118691, -0.505794, -0.449113
118684, -0.508529, -0.478781
118680, -0.505753, -0.498014
118672, -0.504782, -0.480956
118666, -0.509121, -0.492914
118653, -0.509619, -0.513468
118652, -0.504838, -0.476071
118650, -0.508148, -0.535948
118648, -0.504630, -0.490771
118645, -0.512331, -0.516168
118626, -0.511607, -0.491306
118613, -0.507755, -0.304433
118612, -0.508142, -0.369634
118601, -0.510569, -0.446785
118583, -0.512701, -0.490998
118582, -0.506010, -0.447958
118580, -0.508855, -0.461352
118577, -0.511289, -0.497740
118572, -0.509343, -0.472162
118549, -0.506571, -0.545145
118545, -0.504733, -0.498416
118532, -0.507725, -0.457914
118524, -0.510769, -0.494485
118518, -0.510331, -0.477661
118513, -0.506874, -0.484276
118511, -0.513354, -0.515442
118508, -0.511526, -0.581229
118505, -0.509180, -0.476193
118499, -0.506121, -0.527218
118498, -0.511989, -0.515576
118495, -0.512933, -0.552037
118490, -0.512700, -0.506406
118489, -0.507093, -0.405952
118487, -0.511996, -0.479871
118475, -0.507955, -0.470970
118470, -0.512281, -0.447933
118455, -0.512523, -0.373420
118447, -0.511935, -0.480322
118435, -0.511544, -0.520886
118430, -0.511173, -0.504348
118428, -0.510303, -0.512684
118419, -0.510371, -0.488507
118405, -0.510661, -0.373445
118400, -0.508215, -0.450424
118398, -0.508763, -0.476683
118392, -0.508596, -0.493430
118390, -0.509370, -0.499788
118385, -0.505257, -0.487187
118347, -0.510839, -0.514158
118341, -0.512250, -0.509580
118323, -0.504446, -0.500787
118321, -0.505081, -0.522369
118316, -0.510876, -0.469841
118311, -0.508768, -0.488320
118308, -0.508490, -0.510232
118305, -0.510335, -0.405137
118304, -0.513380, -0.549722
118300, -0.505266, -0.476432
118286, -0.507060, -0.492122
118271, -0.504803, -0.482043
118234, -0.512603, -0.521165
118233, -0.510752, -0.551770
118223, -0.504422, -0.511491
118212, -0.507721, -0.488183
118207, -0.509674, -0.497940
118196, -0.504874, -0.477939
118191, -0.512120, -0.470108
118189, -0.510823, -0.497165
118188, -0.511363, -0.549794
118184, -0.507416, -0.518619
118177, -0.506178, -0.479667
118167, -0.513221, -0.504762
118137, -0.512996, -0.597283
118136, -0.510671, -0.493416
118133, -0.509470, -0.481541
118106, -0.511302, -0.522355
118099, -0.508837, -0.454015
118098, -0.508343, -0.510255
118097, -0.506584, -0.500516
118095, -0.509972, -0.526988
118072, -0.506694, -0.476019
118047, -0.508437, -0.599252
118044, -0.509711, -0.463752
118043, -0.510370, -0.447507
118038, -0.507890, -0.495651
118036, -0.512215, -0.560113
118014, -0.506219, -0.528051
118005, -0.508378, -0.475985
117989, -0.506235, -0.518287
117974, -0.507041, -0.475983
117971, -0.506896, -0.471035
117944, -0.505650, -0.473765
117934, -0.504978, -0.533056
117932, -0.512626, -0.551920
117930, -0.507561, -0.473399
117921, -0.507971, -0.484623
117918, -0.507449, -0.509538
117896, -0.509789, -0.497336
117883, -0.510844, -0.496041
117868, -0.507838, -0.471827
117855, -0.507067, -0.497924
117838, -0.507006, -0.479877
117814, -0.508679, -0.528105
117810, -0.511266, -0.482233
117803, -0.510177, -0.493920
117782, -0.507526, -0.520506
117775, -0.505620, -0.476237
117773, -0.506744, -0.528876
117768, -0.507957, -0.489330
117767, -0.505792, -0.463511
117737, -0.500163, -0.448860
117735, -0.498108, -0.432305
117715, -0.501162, -0.445924
117712, -0.498196, -0.491446
117707, -0.502518, -0.493792
117706, -0.501779, -0.504499
117703, -0.504025, -0.483750
117695, -0.500369, -0.488753
117691, -0.503720, -0.463610
117683, -0.499526, -0.477714
117679, -0.503949, -0.489916
117674, -0.496661, -0.477486
117666, -0.498824, -0.480333
117655, -0.503865, -0.431268
117649, -0.497098, -0.498868
117637, -0.500804, -0.438717
117632, -0.500489, -0.379473
117629, -0.495974, -0.325916
117623, -0.499692, -0.487678
117617, -0.499382, -0.366109
117603, -0.495460, -0.358634
117592, -0.498104, -0.492077
117574, -0.495641, -0.501234
117570, -0.495626, -0.498652
117563, -0.501188, -0.430821
117549, -0.495925, -0.457301
117534, -0.499683, -0.497664
117532, -0.502180, -0.488929
117498, -0.498063, -0.515795
117492, -0.495396, -0.478986
117475, -0.497800, -0.416410
117459, -0.499068, -0.507570
117448, -0.501223, -0.470529
117446, -0.499984, -0.504563
117438, -0.496179, -0.495029
117434, -0.503354, -0.489265
117431, -0.498088, -0.420547
117430, -0.497837, -0.495621
117425, -0.495815, -0.497002
117424, -0.502433, -0.492831
117412, -0.503416, -0.498824
117401, -0.501998, -0.525116
117380, -0.499679, -0.474407
117375, -0.501267, -0.290757
117374, -0.496031, -0.504932
117341, -0.496576, -0.492620
117338, -0.500148, -0.491602
117336, -0.495420, -0.496116
117331, -0.502139, -0.452188
117330, -0.499469, -0.498268
117266, -0.497090, -0.476695
117261, -0.498417, -0.472706
117223, -0.502476, -0.456574
117211, -0.503456, -0.518781
117183, -0.501910, -0.491247
117170, -0.496996, -0.505591
117168, -0.503027, -0.515382
117164, -0.501352, -0.491526
117124, -0.503555, -0.516195
117122, -0.497089, -0.492637
117094, -0.502533, -0.471906
117053, -0.495833, -0.549497
117046, -0.499094, -0.322129
117041, -0.501659, -0.562975
117038, -0.502447, -0.458770
116977, -0.499627, -0.476359
116975, -0.500907, -0.368987
116973, -0.503660, -0.461708
116968, -0.503087, -0.562549
116961, -0.501734, -0.522461
116958, -0.498479, -0.495069
116954, -0.498598, -0.497569
116951, -0.498469, -0.526256
116949, -0.502024, -0.496791
116922, -0.502693, -0.487870
116917, -0.500981, -0.461282
116916, -0.499096, -0.449328
116913, -0.495962, -0.499889
116910, -0.501506, -0.523482
116907, -0.497676, -0.533170
116906, -0.499995, -0.512522
116905, -0.503327, -0.457922
116903, -0.495994, -0.510132
116895, -0.503203, -0.517454
116874, -0.500145, -0.484045
116865, -0.500730, -0.483890
116863, -0.503917, -0.511799
116862, -0.502550, -0.515921
116861, -0.502089, -0.486687
116856, -0.496730, -0.458801
116839, -0.498510, -0.472947
116834, -0.498002, -0.477574
116833, -0.497447, -0.491004
116809, -0.497827, -0.524732
116788, -0.501109, -0.524745
116779, -0.503207, -0.495589
116774, -0.500179, -0.496762
116762, -0.502635, -0.487095
116742, -0.487031, -0.481731
116725, -0.488406, -0.425230
116699, -0.488759, -0.491543
116689, -0.494301, -0.451232
116682, -0.492478, -0.490395
116677, -0.495030, -0.482895
116663, -0.490766, -0.485141
116643, -0.494764, -0.459793
116636, -0.487606, -0.438683
116632, -0.488640, -0.471605
116602, -0.486868, -0.348659
116595, -0.486910, -0.472025
116589, -0.487449, -0.478566
116588, -0.493119, -0.486514
116573, -0.492418, -0.489786
116572, -0.489763, -0.478617
116568, -0.493181, -0.470167
116558, -0.486967, -0.451266
116557, -0.488948, -0.462111
116554, -0.493730, -0.534234
116552, -0.488715, -0.473762
116537, -0.489414, -0.484409
116528, -0.492335, -0.454106
116523, -0.492969, -0.484846
116515, -0.491955, -0.462122
116502, -0.492706, -0.463036
116498, -0.488496, -0.448957
116489, -0.492040, -0.524984
116486, -0.488059, -0.484110
116482, -0.490094, -0.461125
116474, -0.489947, -0.581465
116440, -0.494552, -0.438412
116430, -0.492720, -0.481429
116403, -0.487225, -0.387335
116400, -0.486922, -0.465082
116387, -0.495140, -0.494771
116377, -0.491119, -0.544382
116375, -0.487413, -0.373531
116372, -0.492323, -0.493572
116361, -0.487129, -0.468630
116350, -0.491793, -0.494221
116343, -0.494507, -0.447619
116337, -0.487419, -0.503912
116334, -0.487962, -0.327469
116325, -0.489588, -0.458722
116288, -0.487306, -0.458251
116283, -0.487966, -0.325850
116282, -0.494118, -0.524780
116281, -0.494562, -0.507704
116280, -0.489356, -0.405328
116278, -0.491687, -0.468147
116272, -0.487080, -0.484758
116259, -0.492852, -0.454638
116256, -0.490514, -0.452567
116249, -0.487462, -0.480686
116223, -0.490097, -0.513103
116215, -0.486771, -0.452288
116206, -0.486979, -0.372635
116201, -0.492898, -0.328277
116197, -0.488253, -0.463511
116185, -0.493156, -0.408060
116178, -0.491733, -0.549457
116175, -0.490707, -0.529962
116166, -0.492532, -0.422107
116164, -0.489762, -0.566764
116151, -0.486943, -0.573288
116146, -0.488462, -0.500917
116144, -0.487708, -0.453499
116141, -0.489558, -0.491929
116135, -0.493427, -0.496921
116120, -0.492700, -0.483959
116109, -0.489428, -0.468729
116092, -0.487144, -0.473031
116089, -0.491115, -0.524201
116085, -0.486645, -0.475342
116079, -0.489922, -0.453239
116065, -0.488909, -0.538753
116057, -0.487320, -0.516227
116037, -0.494574, -0.439117
116031, -0.495028, -0.417637
116025, -0.493766, -0.464883
116024, -0.494162, -0.477162
116018, -0.493049, -0.516397
116016, -0.487353, -0.570171
116010, -0.492462, -0.395118
116005, -0.492614, -0.514001
115966, -0.491177, -0.525625
115965, -0.489466, -0.479999
115959, -0.489896, -0.505253
115932, -0.494048, -0.490122
115917, -0.492858, -0.468863
115882, -0.492613, -0.477750
115877, -0.490391, -0.467585
115871, -0.491479, -0.496727
115868, -0.490730, -0.503766
115863, -0.487734, -0.488094
115856, -0.495016, -0.493532
115855, -0.489745, -0.472113
115854, -0.488439, -0.483227
115831, -0.486342, -0.475115
115830, -0.494835, -0.489790
115805, -0.488145, -0.492275
115799, -0.491294, -0.495433
115791, -0.494166, -0.501072
115770, -0.487623, -0.484606
115763, -0.494761, -0.480982
115759, -0.491267, -0.504327
115744, -0.480074, -0.492321
115741, -0.481649, -0.517408
115738, -0.484960, -0.509029
115702, -0.484938, -0.471489
115698, -0.486170, -0.469019
115688, -0.483290, -0.475722
115683, -0.477051, -0.476578
115669, -0.483159, -0.420513
115667, -0.478356, -0.478578
115652, -0.477697, -0.492509
115631, -0.479672, -0.465660
115617, -0.485559, -0.463605
115616, -0.482595, -0.460172
115608, -0.483040, -0.366334
115602, -0.486159, -0.479763
115575, -0.485504, -0.471494
115569, -0.484103, -0.471228
115519, -0.484111, -0.491909
115517, -0.477460, -0.457094
115510, -0.477748, -0.476778
115476, -0.480115, -0.493202
115457, -0.483823, -0.516845
115435, -0.480149, -0.486113
115428, -0.480576, -0.437479
115423, -0.480473, -0.398222
115414, -0.480642, -0.505130
115412, -0.485465, -0.494478
115402, -0.486005, -0.400001
115399, -0.481928, -0.391039
115346, -0.479075, -0.459511
115339, -0.477938, -0.394341
115336, -0.478271, -0.498780
115307, -0.484289, -0.541610
115285, -0.479379, -0.451451
115283, -0.482216, -0.494590
115279, -0.480312, -0.453336
115266, -0.483952, -0.418317
115258, -0.480104, -0.485304
115224, -0.483557, -0.458393
115222, -0.483641, -0.486856
115214, -0.481408, -0.503651
115196, -0.481297, -0.420087
115195, -0.482201, -0.480865
115194, -0.477081, -0.400777
115172, -0.485715, -0.435228
115171, -0.477365, -0.462683
115163, -0.480026, -0.448294
115161, -0.478759, -0.479126
115158, -0.483703, -0.457989
115136, -0.480690, -0.489177
115127, -0.481738, -0.317342
115120, -0.485778, -0.476002
115119, -0.483982, -0.454276
115118, -0.480111, -0.464098
115116, -0.481618, -0.468198
115102, -0.482890, -0.464927
115095, -0.479477, -0.512721
115088, -0.481605, -0.489624
115072, -0.478199, -0.471102
115055, -0.480337, -0.376323
115045, -0.484276, -0.511849
115038, -0.480151, -0.458609
115026, -0.480462, -0.332623
115019, -0.484069, -0.390358
115011, -0.477832, -0.456736
114995, -0.482391, -0.482100
114994, -0.477469, -0.577940
114977, -0.480552, -0.480894
114971, -0.477754, -0.473877
114958, -0.478897, -0.533820
114956, -0.480333, -0.510634
114952, -0.483420, -0.520121
114948, -0.484551, -0.437359
114939, -0.484024, -0.450705
114926, -0.481628, -0.459441
114923, -0.481280, -0.531672
114908, -0.479779, -0.520210
114887, -0.481434, -0.479974
114872, -0.483464, -0.551170
114865, -0.482368, -0.496320
114862, -0.477881, -0.467906
114854, -0.477254, -0.472953
114833, -0.482344, -0.500137
114826, -0.483790, -0.482406
114816, -0.477817, -0.447629
114798, -0.479740, -0.464976
114777, -0.477436, -0.486505
114763, -0.480101, -0.486658
114760, -0.479105, -0.476244
114755, -0.482876, -0.471217
114738, -0.468817, -0.443510
114727, -0.470819, -0.512688
114696, -0.475938, -0.457092
114693, -0.470688, -0.462108
114683, -0.470723, -0.448368
114677, -0.476121, -0.454962
114675, -0.471745, -0.498933
114668, -0.468690, -0.459926
114660, -0.469509, -0.513432
114653, -0.472245, -0.497960
114620, -0.475276, -0.488501
114617, -0.476491, -0.492249
114609, -0.476390, -0.448805
114607, -0.472345, -0.443204
114573, -0.471786, -0.472145
114562, -0.469839, -0.428541
114561, -0.476439, -0.475469
114511, -0.474538, -0.463240
114471, -0.476262, -0.450094
114467, -0.471440, -0.442185
114466, -0.468914, -0.388135
114465, -0.476553, -0.472561
114462, -0.471311, -0.452428
114460, -0.476645, -0.474702
114458, -0.475328, -0.468443
114448, -0.471780, -0.396949
114434, -0.469773, -0.473476
114378, -0.471605, -0.435591
114377, -0.475529, -0.381267
114362, -0.474880, -0.382856
114356, -0.468907, -0.430965
114342, -0.471494, -0.502800
114326, -0.469510, -0.470405
114310, -0.472380, -0.361995
114287, -0.473736, -0.443406
114286, -0.474899, -0.371554
114266, -0.475440, -0.441724
114263, -0.470067, -0.374463
114262, -0.470915, -0.438599
114244, -0.468619, -0.584373
114239, -0.469712, -0.423504
114228, -0.475563, -0.462638
114223, -0.470374, -0.437675
114215, -0.475945, -0.524217
114204, -0.473422, -0.442356
114196, -0.472715, -0.440788
114189, -0.470204, -0.441793
114188, -0.473301, -0.484272
114183, -0.470573, -0.529019
114180, -0.470492, -0.517965
114177, -0.476755, -0.487638
114162, -0.474175, -0.443531
114156, -0.473613, -0.444853
114139, -0.471149, -0.476403
114128, -0.474836, -0.471112
114120, -0.470690, -0.520578
114118, -0.470094, -0.419757
114114, -0.468448, -0.472774
114108, -0.471336, -0.464488
114090, -0.476888, -0.460834
114068, -0.474540, -0.455879
114067, -0.475153, -0.465300
114030, -0.474072, -0.470574
114027, -0.474946, -0.455873
114023, -0.475785, -0.479304
114020, -0.476117, -0.480201
113988, -0.476960, -0.443279
113981, -0.471295, -0.324485
113967, -0.470622, -0.421579
113961, -0.476753, -0.508125
113950, -0.475383, -0.471870
113947, -0.469287, -0.373918
113944, -0.476865, -0.507289
113942, -0.472162, -0.383493
113939, -0.469383, -0.451190
113936, -0.474695, -0.443027
113916, -0.472312, -0.468965
113910, -0.469475, -0.468662
113907, -0.470827, -0.453951
113901, -0.471196, -0.522258
113898, -0.474389, -0.471376
113870, -0.469810, -0.477938
113861, -0.475904, -0.485888
113859, -0.475755, -0.479781
113841, -0.473004, -0.457585
113837, -0.475382, -0.497924
113831, -0.468791, -0.462558
113818, -0.470996, -0.505675
113802, -0.474602, -0.503867
113786, -0.473416, -0.454021
113784, -0.472487, -0.463862
113783, -0.468846, -0.450261
113770, -0.474122, -0.510567
113759, -0.473665, -0.505828
113726, -0.460180, -0.449111
113713, -0.466432, -0.530559
113691, -0.467668, -0.479100
113681, -0.461348, -0.533797
113664, -0.468279, -0.474766
113659, -0.465051, -0.441150
113657, -0.466841, -0.476410
113604, -0.466325, -0.360645
113603, -0.467167, -0.478888
113599, -0.461399, -0.439356
113596, -0.468358, -0.410740
113574, -0.465562, -0.461088
113562, -0.464931, -0.387442
113544, -0.463179, -0.455352
113535, -0.463696, -0.477266
113531, -0.465793, -0.454562
113523, -0.460038, -0.455297
113513, -0.462713, -0.511709
113508, -0.463610, -0.461027
113506, -0.465909, -0.454724
113477, -0.460322, -0.441162
113456, -0.466962, -0.427332
113433, -0.468435, -0.361770
113420, -0.465830, -0.438864
113417, -0.468366, -0.475825
113407, -0.460570, -0.454747
113397, -0.462152, -0.439309
113390, -0.463859, -0.503967
113375, -0.468049, -0.462560
113363, -0.462188, -0.448525
113343, -0.467966, -0.419317
113332, -0.468238, -0.344748
113318, -0.467380, -0.515226
113316, -0.463952, -0.438745
113307, -0.461363, -0.438442
113294, -0.460674, -0.455079
113283, -0.463108, -0.453886
113274, -0.464351, -0.483075
113272, -0.464209, -0.435821
113263, -0.466271, -0.449622
113259, -0.462847, -0.456675
113251, -0.465355, -0.445946
113247, -0.464599, -0.419635
113242, -0.461099, -0.411357
113179, -0.468305, -0.458337
113172, -0.465842, -0.420554
113153, -0.464709, -0.427949
113150, -0.468400, -0.417509
113143, -0.463044, -0.472498
113130, -0.464727, -0.459332
113121, -0.464158, -0.609991
113115, -0.461852, -0.446650
113107, -0.460143, -0.361713
113106, -0.464993, -0.492353
113104, -0.460127, -0.441589
113102, -0.463243, -0.427067
113099, -0.467477, -0.437520
113088, -0.463394, -0.397956
113077, -0.464238, -0.410713
113071, -0.461639, -0.450467
113065, -0.465206, -0.468074
113051, -0.467831, -0.427838
113027, -0.462225, -0.581140
113016, -0.466053, -0.448771
113006, -0.463991, -0.467161
113001, -0.462700, -0.433343
112996, -0.468324, -0.460913
112994, -0.463338, -0.460637
112991, -0.465887, -0.453164
112980, -0.461451, -0.454196
112979, -0.460846, -0.457871
112968, -0.461957, -0.448961
112962, -0.461692, -0.447896
112951, -0.467377, -0.457583
112950, -0.460683, -0.501047
112936, -0.465946, -0.460969
112923, -0.468416, -0.431926
112903, -0.467489, -0.511840
112868, -0.463309, -0.454652
112862, -0.466631, -0.475815
112848, -0.467950, -0.449263
112845, -0.465527, -0.509817
112842, -0.464046, -0.434880
112841, -0.464048, -0.442535
112832, -0.465273, -0.483563
112828, -0.462525, -0.459399
112821, -0.467279, -0.461474
112812, -0.465922, -0.474910
112808, -0.468028, -0.454851
112794, -0.467404, -0.467543
112779, -0.462092, -0.452329
112776, -0.463538, -0.418984
112768, -0.467053, -0.463314
112747, -0.458745, -0.433443
112741, -0.457462, -0.507103
112724, -0.459972, -0.450770
112720, -0.459828, -0.491168
112701, -0.459863, -0.474511
112692, -0.455292, -0.419055
112690, -0.456739, -0.431199
112675, -0.452930, -0.449029
112661, -0.457553, -0.492879
112659, -0.459341, -0.452217
112652, -0.459707, -0.481597
112613, -0.454122, -0.444243
112611, -0.453850, -0.437788
112605, -0.453414, -0.437967
112570, -0.458305, -0.456997
112566, -0.455013, -0.289012
112553, -0.456355, -0.473738
112534, -0.459550, -0.460374
112516, -0.453200, -0.422091
112487, -0.453701, -0.446736
112479, -0.452903, -0.395788
112473, -0.455358, -0.453901
112465, -0.458781, -0.440352
112459, -0.456033, -0.430089
112454, -0.459659, -0.450164
112448, -0.459762, -0.449138
112438, -0.454164, -0.437852
112423, -0.459767, -0.486553
112378, -0.452776, -0.413010
112374, -0.458107, -0.432283
112373, -0.459274, -0.351044
112361, -0.459893, -0.436820
112354, -0.453776, -0.430598
112337, -0.454445, -0.444300
112322, -0.457473, -0.441601
112320, -0.455992, -0.444759
112308, -0.456804, -0.402795
112297, -0.458215, -0.344949
112281, -0.453783, -0.437548
112270, -0.453790, -0.458540
112239, -0.459370, -0.404510
112223, -0.454809, -0.416459
112222, -0.456873, -0.458739
112220, -0.453058, -0.455366
112192, -0.453965, -0.448586
112189, -0.452813, -0.388477
112186, -0.453864, -0.317285
112185, -0.453603, -0.397709
112172, -0.457043, -0.448602
112160, -0.453283, -0.422728
112139, -0.452667, -0.454162
112135, -0.453586, -0.447105
112126, -0.457795, -0.438810
112124, -0.457159, -0.464477
112106, -0.454578, -0.473303
112100, -0.455376, -0.449060
112073, -0.452922, -0.451524
112072, -0.459025, -0.485976
112069, -0.456902, -0.440873
112047, -0.456923, -0.448587
112042, -0.453423, -0.439505
112031, -0.457674, -0.439094
112028, -0.453446, -0.442086
112023, -0.453139, -0.416872
112019, -0.452809, -0.459889
111999, -0.457089, -0.546803
111998, -0.453225, -0.468049
111975, -0.453740, -0.430115
111961, -0.454766, -0.436790
111953, -0.457590, -0.467744
111950, -0.454304, -0.437068
111935, -0.454016, -0.438170
111922, -0.454849, -0.436009
111916, -0.458755, -0.447871
111907, -0.459882, -0.459377
111904, -0.452833, -0.374522
111884, -0.458814, -0.441854
111883, -0.454811, -0.422184
111882, -0.455773, -0.491500
111856, -0.458120, -0.437550
111855, -0.452931, -0.454529
111848, -0.454163, -0.463657
111842, -0.454745, -0.477971
111834, -0.452820, -0.448730
111823, -0.459182, -0.479988
111800, -0.456197, -0.444484
111798, -0.454259, -0.471862
111790, -0.456426, -0.470547
111783, -0.458971, -0.503595
111775, -0.457322, -0.476465
111766, -0.458446, -0.527407
111763, -0.457072, -0.481494
111714, -0.451257, -0.433194
111707, -0.446948, -0.418037
111704, -0.451448, -0.460531
111680, -0.447593, -0.410798
111678, -0.449696, -0.422331
111670, -0.445976, -0.420409
111645, -0.446735, -0.463634
111642, -0.450959, -0.499522
111641, -0.452112, -0.425884
111635, -0.447841, -0.459391
111634, -0.446933, -0.449563
111627, -0.446033, -0.448969
111618, -0.451426, -0.452855
111614, -0.448512, -0.453108
111598, -0.449529, -0.432853
111581, -0.449552, -0.470905
111558, -0.450173, -0.455683
111548, -0.452298, -0.444539
111514, -0.451161, -0.441080
111508, -0.451378, -0.450889
111502, -0.452318, -0.462569
111497, -0.447586, -0.423126
111486, -0.445874, -0.449673
111484, -0.449305, -0.451851
111475, -0.446835, -0.420259
111463, -0.450819, -0.413491
111451, -0.446728, -0.478481
111439, -0.446986, -0.421155
111427, -0.447876, -0.431586
111419, -0.451030, -0.518085
111390, -0.452467, -0.416238
111388, -0.450225, -0.422539
111386, -0.452050, -0.380125
111384, -0.446686, -0.439459
111373, -0.448052, -0.310537
111363, -0.448579, -0.439248
111361, -0.447530, -0.431437
111326, -0.446276, -0.388100
111322, -0.449921, -0.516295
111320, -0.448378, -0.463463
111310, -0.450556, -0.464614
111297, -0.447284, -0.467139
111256, -0.446750, -0.421106
111238, -0.445918, -0.418620
111237, -0.448627, -0.446819
111235, -0.450805, -0.400772
111208, -0.447345, -0.307140
111197, -0.447713, -0.395527
111189, -0.450328, -0.412784
111188, -0.446180, -0.329389
111187, -0.447569, -0.414910
111167, -0.451845, -0.430566
111164, -0.446052, -0.434527
111160, -0.451024, -0.433880
111159, -0.451758, -0.455166
111145, -0.451179, -0.449774
111144, -0.447340, -0.410573
111143, -0.451230, -0.433406
111140, -0.452388, -0.426111
111136, -0.452614, -0.528630
111112, -0.449121, -0.430161
111090, -0.447631, -0.344085
111082, -0.448913, -0.441928
111075, -0.450367, -0.485763
111064, -0.448189, -0.445160
111058, -0.448859, -0.489765
111056, -0.451184, -0.474538
111050, -0.446524, -0.426882
111035, -0.446375, -0.438606
111030, -0.452552, -0.431530
111029, -0.447936, -0.449030
111017, -0.449068, -0.393241
111007, -0.446190, -0.411853
111000, -0.449364, -0.449730
110984, -0.447544, -0.427961
110963, -0.449025, -0.445083
110947, -0.450460, -0.445865
110928, -0.448301, -0.452686
110917, -0.452273, -0.454411
110905, -0.448886, -0.390582
110904, -0.448706, -0.424676
110885, -0.446213, -0.397317
110884, -0.446667, -0.436472
110872, -0.451692, -0.502252
110867, -0.452152, -0.445808
110855, -0.450978, -0.422361
110812, -0.449950, -0.446258
110809, -0.450611, -0.505560
110767, -0.449859, -0.497809
110758, -0.451269, -0.460119
110748, -0.439805, -0.432736
110744, -0.439990, -0.518394
110739, -0.439586, -0.457976
110733, -0.441683, -0.440625
110723, -0.443455, -0.494029
110720, -0.439696, -0.379587
110709, -0.439894, -0.420148
110704, -0.441856, -0.405332
110698, -0.445287, -0.425210
110684, -0.440811, -0.431403
110683, -0.439838, -0.502890
110678, -0.443411, -0.437831
110666, -0.440737, -0.448968
110649, -0.439814, -0.418347
110640, -0.443191, -0.441445
110637, -0.440677, -0.421972
110632, -0.443428, -0.430729
110630, -0.443487, -0.431453
110617, -0.443811, -0.438738
110615, -0.445414, -0.329748
110609, -0.443631, -0.432710
110603, -0.442816, -0.436035
110592, -0.441533, -0.419156
110571, -0.445644, -0.445791
110565, -0.440928, -0.419856
110553, -0.443172, -0.477890
110541, -0.443304, -0.430745
110535, -0.442901, -0.418378
110525, -0.443057, -0.431618
110522, -0.442303, -0.433904
110516, -0.442905, -0.430195
110510, -0.441532, -0.436565
110497, -0.444173, -0.445513
110491, -0.440579, -0.422227
110487, -0.443709, -0.414629
110471, -0.443909, -0.451369
110466, -0.439605, -0.424852
110461, -0.439467, -0.438830
110451, -0.442494, -0.429013
110449, -0.443577, -0.432106
110444, -0.441167, -0.419573
110419, -0.440861, -0.451016
110403, -0.442511, -0.364092
110400, -0.444491, -0.393060
110375, -0.442488, -0.323513
110366, -0.440764, -0.428280
110364, -0.445431, -0.434779
110356, -0.442664, -0.401583
110344, -0.440316, -0.435334
110320, -0.441384, -0.443986
110282, -0.439140, -0.407354
110281, -0.442146, -0.456450
110267, -0.444860, -0.454388
110261, -0.444930, -0.415521
110256, -0.445595, -0.439785
110228, -0.445266, -0.412771
110226, -0.445246, -0.414785
110199, -0.442696, -0.418657
110198, -0.441717, -0.429472
110195, -0.441954, -0.439379
110183, -0.443203, -0.443045
110163, -0.439149, -0.428208
110144, -0.441954, -0.432730
110140, -0.444513, -0.423287
110117, -0.441479, -0.494443
110105, -0.444249, -0.367642
110100, -0.439635, -0.442948
110058, -0.441634, -0.420147
110057, -0.441815, -0.450288
110043, -0.440071, -0.515113
110039, -0.440701, -0.434684
110033, -0.441399, -0.341196
110028, -0.439064, -0.436440
110024, -0.443292, -0.428776
110017, -0.442791, -0.435185
109997, -0.444992, -0.407078
109994, -0.445042, -0.457193
109988, -0.444404, -0.449779
109976, -0.439241, -0.421764
109961, -0.441055, -0.445282
109954, -0.441780, -0.431000
109947, -0.439435, -0.446715
109914, -0.443146, -0.429810
109899, -0.441554, -0.456410
109882, -0.441940, -0.451152
109880, -0.443862, -0.428945
109864, -0.439730, -0.460104
109856, -0.441799, -0.365000
109846, -0.441909, -0.431893
109838, -0.442558, -0.448015
109836, -0.443834, -0.447411
109833, -0.444079, -0.430137
109832, -0.442371, -0.444474
109828, -0.441326, -0.427627
109821, -0.443881, -0.415324
109817, -0.442758, -0.415598
109811, -0.442251, -0.443994
109807, -0.445615, -0.503995
109796, -0.441187, -0.447340
109789, -0.444496, -0.469975
109786, -0.439403, -0.488700
109782, -0.440430, -0.406738
109780, -0.442251, -0.419218
109774, -0.441893, -0.411239
109760, -0.444219, -0.512128
109733, -0.435482, -0.441201
109711, -0.436793, -0.440959
109706, -0.433085, -0.426109
109703, -0.437519, -0.448263
109696, -0.436802, -0.450221
109694, -0.436910, -0.398184
109693, -0.436736, -0.449055
109691, -0.438747, -0.430214
109681, -0.433597, -0.422224
109656, -0.433116, -0.441058
109645, -0.434800, -0.408484
109640, -0.435016, -0.416944
109636, -0.438617, -0.428418
109629, -0.436918, -0.437440
109620, -0.436489, -0.448913
109610, -0.436835, -0.424089
109609, -0.437213, -0.425264
109603, -0.433299, -0.244850
109597, -0.438111, -0.436783
109584, -0.433709, -0.430428
109573, -0.433977, -0.515424
109552, -0.437336, -0.464071
109551, -0.433723, -0.411064
109537, -0.438276, -0.395645
109534, -0.433947, -0.410988
109526, -0.435397, -0.423654
109507, -0.438849, -0.470634
109487, -0.437325, -0.416309
109476, -0.434003, -0.455086
109474, -0.438994, -0.440829
109458, -0.433597, -0.439252
109447, -0.435158, -0.421628
109438, -0.436702, -0.446017
109434, -0.437936, -0.408145
109430, -0.433622, -0.440366
109414, -0.435043, -0.362452
109391, -0.437001, -0.444762
109361, -0.434483, -0.449574
109359, -0.434082, -0.434428
109352, -0.433778, -0.431389
109350, -0.437395, -0.575546
109332, -0.433639, -0.403078
109325, -0.436499, -0.434443
109318, -0.437723, -0.353653
109316, -0.434282, -0.425540
109277, -0.436334, -0.425177
109271, -0.438908, -0.442382
109268, -0.435091, -0.426291
109266, -0.436149, -0.419226
109264, -0.438071, -0.416032
109260, -0.434694, -0.432922
109259, -0.434849, -0.420308
109257, -0.432519, -0.416593
109248, -0.436057, -0.410040
109244, -0.436881, -0.369639
109218, -0.437655, -0.419761
109217, -0.438672, -0.427713
109202, -0.437336, -0.449620
109192, -0.434492, -0.410764
109185, -0.437288, -0.457669
109165, -0.434357, -0.406371
109164, -0.434522, -0.408440
109162, -0.436160, -0.449604
109159, -0.435345, -0.412137
109142, -0.437107, -0.417185
109122, -0.435223, -0.399689
109120, -0.433433, -0.424505
109119, -0.438549, -0.430792
109118, -0.434958, -0.428551
109105, -0.433347, -0.447582
109099, -0.432773, -0.548730
109085, -0.436268, -0.435129
109076, -0.437300, -0.432767
109066, -0.437521, -0.538057
109060, -0.434131, -0.448530
109044, -0.432903, -0.413839
109038, -0.433474, -0.444135
109037, -0.439043, -0.418424
109033, -0.436424, -0.446205
109028, -0.433974, -0.431793
109006, -0.434460, -0.625306
108991, -0.437553, -0.408295
108987, -0.434036, -0.433900
108983, -0.435931, -0.489369
108969, -0.434579, -0.409390
108962, -0.438914, -0.421356
108959, -0.435056, -0.432246
108950, -0.433020, -0.412139
108924, -0.433577, -0.432732
108917, -0.438521, -0.439682
108916, -0.433056, -0.421263
108899, -0.434756, -0.403124
108874, -0.434265, -0.418228
108873, -0.435950, -0.418143
108872, -0.434344, -0.443828
108861, -0.437652, -0.449928
108849, -0.433737, -0.420852
108846, -0.435369, -0.467019
108826, -0.437426, -0.407685
108817, -0.438285, -0.432567
108793, -0.437265, -0.459443
108791, -0.438034, -0.446083
108772, -0.437462, -0.427966
108753, -0.435687, -0.282731
108750, -0.428483, -0.403882
108747, -0.428472, -0.428993
108742, -0.427399, -0.381121
108724, -0.430958, -0.511868
108717, -0.426906, -0.416359
108705, -0.431016, -0.423516
108690, -0.430642, -0.446947
108677, -0.429415, -0.407996
108676, -0.426144, -0.415524
108673, -0.431977, -0.404641
108651, -0.429876, -0.433360
108609, -0.432092, -0.421207
108607, -0.427278, -0.424612
108603, -0.431608, -0.429044
108599, -0.426232, -0.402249
108577, -0.431789, -0.420904
108572, -0.429047, -0.346767
108568, -0.428528, -0.396255
108555, -0.431407, -0.440121
108525, -0.426378, -0.405838
108524, -0.430140, -0.425158
108520, -0.431140, -0.424380
108496, -0.429763, -0.397381
108495, -0.431549, -0.379180
108470, -0.430278, -0.418170
108468, -0.427621, -0.432464
108462, -0.431639, -0.382695
108458, -0.427220, -0.436055
108451, -0.430083, -0.421556
108441, -0.426408, -0.404761
108426, -0.426662, -0.411875
108398, -0.429442, -0.410080
108390, -0.430907, -0.429371
108385, -0.430666, -0.443383
108371, -0.427835, -0.429146
108358, -0.428932, -0.444402
108350, -0.430972, -0.434326
108347, -0.428581, -0.441348
108344, -0.428311, -0.420573
108338, -0.430454, -0.423120
108334, -0.426706, -0.393934
108320, -0.431503, -0.395875
108316, -0.427283, -0.445952
108314, -0.427507, -0.472084
108303, -0.428089, -0.391306
108280, -0.426633, -0.415845
108273, -0.430383, -0.436336
108269, -0.431966, -0.423793
108267, -0.428289, -0.432996
108235, -0.428401, -0.421494
108231, -0.427099, -0.420098
108228, -0.431126, -0.394317
108213, -0.428128, -0.398154
108188, -0.431649, -0.360331
108180, -0.429278, -0.382996
108171, -0.430600, -0.432026
108163, -0.426156, -0.416513
108160, -0.426576, -0.414376
108152, -0.430468, -0.416517
108146, -0.430640, -0.425789
108126, -0.429724, -0.460701
108125, -0.427316, -0.460005
108111, -0.430501, -0.405412
108093, -0.427035, -0.418843
108090, -0.431647, -0.416678
108086, -0.426510, -0.419721
108082, -0.431335, -0.424175
108071, -0.429263, -0.454385
108069, -0.426647, -0.444729
108050, -0.427945, -0.453199
108031, -0.427474, -0.438474
108025, -0.431998, -0.440635
108008, -0.428896, -0.576056
108007, -0.432071, -0.524309
107999, -0.432132, -0.435329
107962, -0.428066, -0.403123
107959, -0.428995, -0.394485
107955, -0.432084, -0.397701
107941, -0.427353, -0.583127
107939, -0.429916, -0.444245
107937, -0.430472, -0.389539
107914, -0.431269, -0.424890
107900, -0.428985, -0.421871
107888, -0.426392, -0.439548
107887, -0.432176, -0.446096
107883, -0.428861, -0.434240
107865, -0.429936, -0.414251
107848, -0.426562, -0.430654
107838, -0.429890, -0.161666
107832, -0.428630, -0.531164
107831, -0.427483, -0.425830
107812, -0.427791, -0.406256
107791, -0.428157, -0.409459
107783, -0.430825, -0.506007
107775, -0.427464, -0.406236
107769, -0.428960, -0.440552
107748, -0.420249, -0.412577
107746, -0.421325, -0.432458
107735, -0.421899, -0.459289
107734, -0.425547, -0.414893
107720, -0.421347, -0.429267
107716, -0.423424, -0.407444
107715, -0.423938, -0.403335
107711, -0.425943, -0.416282
107709, -0.425917, -0.414990
107693, -0.423066, -0.452522
107691, -0.423189, -0.434906
107671, -0.425341, -0.423683
107667, -0.424355, -0.420258
107663, -0.425426, -0.408798
107658, -0.424604, -0.422995
107656, -0.425511, -0.419597
107655, -0.423589, -0.417745
107642, -0.423496, -0.422513
107628, -0.421959, -0.419077
107623, -0.426010, -0.413550
107616, -0.422420, -0.430024
107612, -0.423670, -0.415177
107609, -0.420697, -0.405540
107606, -0.421267, -0.414072
107593, -0.420656, -0.405621
107591, -0.423299, -0.391601
107570, -0.420619, -0.379948
107567, -0.423451, -0.389975
107560, -0.423823, -0.364342
107538, -0.420728, -0.499989
107531, -0.421778, -0.318745
107528, -0.423602, -0.414268
107525, -0.421069, -0.419292
107507, -0.424148, -0.412405
107506, -0.424685, -0.440639
107502, -0.425143, -0.426534
107463, -0.424864, -0.449928
107453, -0.424189, -0.420996
107432, -0.420333, -0.414426
107430, -0.420975, -0.411668
107409, -0.424887, -0.429041
107407, -0.425465, -0.439121
107381, -0.425331, -0.461111
107366, -0.421836, -0.370620
107364, -0.422330, -0.412250
107359, -0.425959, -0.399933
107352, -0.422064, -0.427355
107338, -0.421544, -0.393730
107333, -0.422783, -0.508056
107307, -0.423874, -0.417815
107298, -0.422651, -0.418666
107277, -0.423111, -0.421206
107268, -0.423813, -0.434177
107263, -0.423931, -0.394222
107234, -0.420737, -0.413864
107224, -0.424783, -0.419633
107223, -0.420569, -0.415611
107217, -0.421854, -0.418067
107201, -0.421545, -0.388683
107195, -0.423764, -0.425838
107191, -0.423955, -0.424507
107158, -0.423049, -0.420732
107154, -0.423808, -0.423024
107149, -0.423093, -0.356157
107138, -0.422645, -0.429660
107135, -0.424305, -0.293288
107120, -0.424209, -0.395565
107086, -0.424801, -0.398407
107068, -0.426018, -0.481579
107067, -0.426081, -0.402273
107048, -0.424359, -0.517853
107045, -0.422126, -0.475697
107043, -0.420107, -0.514599
107028, -0.423671, -0.395433
107025, -0.425792, -0.418897
107020, -0.424655, -0.402595
107017, -0.425381, -0.449726
107011, -0.425408, -0.451174
106993, -0.421027, -0.462172
106988, -0.422358, -0.440856
106976, -0.422212, -0.381850
106954, -0.423164, -0.294804
106948, -0.423923, -0.392333
106941, -0.424652, -0.418479
106940, -0.422694, -0.406054
106933, -0.426074, -0.393211
106921, -0.425434, -0.444223
106912, -0.422132, -0.572019
106891, -0.425156, -0.435039
106882, -0.423935, -0.438500
106881, -0.421926, -0.416269
106880, -0.424404, -0.389671
106878, -0.425541, -0.435009
106877, -0.425607, -0.412029
106869, -0.424787, -0.386130
106860, -0.422968, -0.349687
106850, -0.425077, -0.498924
106835, -0.424262, -0.237991
106833, -0.422027, -0.440264
106829, -0.421842, -0.497855
106818, -0.419964, -0.415032
106816, -0.422157, -0.412152
106813, -0.425358, -0.417467
106803, -0.424661, -0.402148
106798, -0.425218, -0.399798
106793, -0.423834, -0.388982
106791, -0.422937, -0.390921
106789, -0.421118, -0.475525
106786, -0.425210, -0.364276
106780, -0.420246, -0.492382
106752, -0.414659, -0.387334
106725, -0.418303, -0.399982
106692, -0.418868, -0.403483
106690, -0.415956, -0.412539
106689, -0.417649, -0.406602
106686, -0.416509, -0.401339
106681, -0.416840, -0.413343
106675, -0.414211, -0.414507
106673, -0.418071, -0.408633
106665, -0.417642, -0.380890
106642, -0.417021, -0.250215
106638, -0.419780, -0.268356
106611, -0.415032, -0.425177
106610, -0.416597, -0.429221
106604, -0.418727, -0.259407
106580, -0.418334, -0.382716
106560, -0.414585, -0.420999
106552, -0.416304, -0.414130
106549, -0.419342, -0.407716
106546, -0.416727, -0.414218
106529, -0.415351, -0.425244
106503, -0.415036, -0.425911
106493, -0.417359, -0.383197
106486, -0.416619, -0.428343
106485, -0.418829, -0.415096
106480, -0.414374, -0.391039
106477, -0.415067, -0.411135
106468, -0.417486, -0.420835
106453, -0.416387, -0.411817
106446, -0.416267, -0.411948
106433, -0.417116, -0.443707
106415, -0.414742, -0.415332
106398, -0.418364, -0.411404
106393, -0.419552, -0.441883
106390, -0.415536, -0.431706
106370, -0.414949, -0.420040
106331, -0.418477, -0.431503
106324, -0.416966, -0.398718
106321, -0.417202, -0.415406
106314, -0.416011, -0.412995
106312, -0.419783, -0.433286
106284, -0.417399, -0.401343
106282, -0.416010, -0.452258
106264, -0.415620, -0.356878
106263, -0.416625, -0.432902
106233, -0.419480, -0.339989
106227, -0.418594, -0.439578
106225, -0.418693, -0.423143
106207, -0.415755, -0.481689
106204, -0.416402, -0.435323
106197, -0.418957, -0.417447
106195, -0.414730, -0.436536
106191, -0.417176, -0.403479
106179, -0.417755, -0.412481
106158, -0.418174, -0.420704
106156, -0.414937, -0.418759
106147, -0.419466, -0.397130
106141, -0.414209, -0.394223
106134, -0.415653, -0.422501
106132, -0.416126, -0.410608
106131, -0.419905, -0.409129
106114, -0.416388, -0.397577
106108, -0.419303, -0.402042
106102, -0.417226, -0.406401
106099, -0.416826, -0.429773
106096, -0.418294, -0.409302
106092, -0.417444, -0.405431
106081, -0.418617, -0.418473
106079, -0.417218, -0.417699
106057, -0.414553, -0.405565
106049, -0.416234, -0.393960
106043, -0.417609, -0.420244
106031, -0.416021, -0.399087
106027, -0.414412, -0.331363
106023, -0.417781, -0.375837
106022, -0.416793, -0.331501
105995, -0.415112, -0.460337
105989, -0.415668, -0.352596
105954, -0.418578, -0.488692
105952, -0.419248, -0.484507
105925, -0.419321, -0.414770
105924, -0.418649, -0.421437
105921, -0.419380, -0.413592
105904, -0.415219, -0.489473
105881, -0.415314, -0.391459
105874, -0.418506, -0.411092
105871, -0.418802, -0.430526
105866, -0.418431, -0.428474
105857, -0.417276, -0.428766
105843, -0.418399, -0.416527
105840, -0.416596, -0.409433
105795, -0.418935, -0.409097
105787, -0.419465, -0.393911
105781, -0.416991, -0.417138
105775, -0.414948, -0.465539
105771, -0.419707, -0.461443
105766, -0.414897, -0.393285
105756, -0.415877, -0.467687
105751, -0.408845, -0.439865
105745, -0.409771, -0.447194
105735, -0.411076, -0.391281
105722, -0.408743, -0.390684
105705, -0.412469, -0.429652
105702, -0.412317, -0.433489
105699, -0.409620, -0.416821
105695, -0.412243, -0.405210
105693, -0.410671, -0.431380
105685, -0.408155, -0.412594
105668, -0.408151, -0.408991
105636, -0.408461, -0.404809
105621, -0.410126, -0.390867
105614, -0.412981, -0.361052
105611, -0.413595, -0.417943
105604, -0.409970, -0.415981
105599, -0.413450, -0.403696
105598, -0.408984, -0.414174
105595, -0.413643, -0.416512
105581, -0.411686, -0.420987
105567, -0.410736, -0.412702
105555, -0.408772, -0.391702
105553, -0.412475, -0.425670
105540, -0.414106, -0.409658
105535, -0.409652, -0.401877
105531, -0.412465, -0.412519
105517, -0.413204, -0.418719
105511, -0.408328, -0.401352
105504, -0.412565, -0.399805
105502, -0.409031, -0.370545
105495, -0.411577, -0.424146
105493, -0.412173, -0.402520
105485, -0.412793, -0.426069
105482, -0.408678, -0.409580
105477, -0.411847, -0.410182
105476, -0.410288, -0.419478
105475, -0.413897, -0.408635
105467, -0.412861, -0.418130
105463, -0.411524, -0.424655
105462, -0.413575, -0.429727
105435, -0.411469, -0.424878
105410, -0.409029, -0.374035
105409, -0.412623, -0.358866
105385, -0.411591, -0.389402
105377, -0.409785, -0.387604
105375, -0.410016, -0.420207
105363, -0.413346, -0.317290
105350, -0.411901, -0.408208
105342, -0.412635, -0.452799
105339, -0.413500, -0.396157
105321, -0.410220, -0.373635
105319, -0.410684, -0.397751
105312, -0.412562, -0.416559
105305, -0.413829, -0.389213
105294, -0.414160, -0.342771
105279, -0.412104, -0.400788
105272, -0.409308, -0.402821
105260, -0.410642, -0.416619
105259, -0.414199, -0.413170
105255, -0.412277, -0.428318
105253, -0.411280, -0.410987
105241, -0.410327, -0.367167
105229, -0.411994, -0.419395
105212, -0.411605, -0.363858
105200, -0.413385, -0.410230
105198, -0.409757, -0.422382
105183, -0.410512, -0.382988
105174, -0.411036, -0.315361
105173, -0.410602, -0.413835
105159, -0.410007, -0.411978
105153, -0.408393, -0.283230
105151, -0.413341, -0.389693
105141, -0.410291, -0.404444
105128, -0.411758, -0.380704
105109, -0.413020, -0.395870
105058, -0.413616, -0.390545
105026, -0.409452, -0.404552
105019, -0.410965, -0.395265
104998, -0.413695, -0.478885
104987, -0.413281, -0.414090
104970, -0.409718, -0.369506
104969, -0.408522, -0.405618
104964, -0.409965, -0.353648
104955, -0.413483, -0.415500
104951, -0.408786, -0.471234
104943, -0.413381, -0.386980
104941, -0.411015, -0.309329
104925, -0.411075, -0.419396
104918, -0.411344, -0.411962
104915, -0.408488, -0.390832
104908, -0.408128, -0.410573
104885, -0.413344, -0.419688
104881, -0.409510, -0.265398
104853, -0.413398, -0.262740
104851, -0.413829, -0.405911
104847, -0.408162, -0.395906
104845, -0.412292, -0.415699
104841, -0.410638, -0.417993
104834, -0.410588, -0.487047
104816, -0.413350, -0.447386
104814, -0.410900, -0.427481
104801, -0.413181, -0.444831
104779, -0.413026, -0.393588
104775, -0.412725, -0.414780
104766, -0.411209, -0.490497
104764, -0.412536, -0.313075
104755, -0.413146, -0.462474
104753, -0.405126, -0.384434
104737, -0.405325, -0.421524
104735, -0.407141, -0.374590
104705, -0.403443, -0.399420
104685, -0.407778, -0.413910
104679, -0.403828, -0.552889
104677, -0.406348, -0.375732
104668, -0.404861, -0.402075
104654, -0.403658, -0.401104
104652, -0.407249, -0.408522
104634, -0.404121, -0.405809
104629, -0.405750, -0.405623
104614, -0.405821, -0.402217
104603, -0.408007, -0.410856
104602, -0.405013, -0.381638
104601, -0.404828, -0.420948
104574, -0.403598, -0.400215
104548, -0.402767, -0.388998
104546, -0.402799, -0.395232
104543, -0.405063, -0.405804
104530, -0.406521, -0.385130
104473, -0.407345, -0.386305
104467, -0.406443, -0.410978
104458, -0.406244, -0.365294
104453, -0.406918, -0.414090
104443, -0.405802, -0.418654
104434, -0.402991, -0.384928
104399, -0.403287, -0.415314
104397, -0.404095, -0.398075
104357, -0.403485, -0.395509
104347, -0.405864, -0.416244
104342, -0.404983, -0.337392
104332, -0.404111, -0.408173
104325, -0.406184, -0.382177
104323, -0.407436, -0.386854
104314, -0.404956, -0.367361
104313, -0.404266, -0.396059
104294, -0.405793, -0.417775
104264, -0.406535, -0.397111
104259, -0.405607, -0.426654
104253, -0.405210, -0.361739
104251, -0.404801, -0.291207
104246, -0.406249, -0.394495
104234, -0.408119, -0.400639
104214, -0.403843, -0.425145
104212, -0.404763, -0.427515
104205, -0.403273, -0.337155
104192, -0.406604, -0.387178
104169, -0.407489, -0.404987
104123, -0.405258, -0.450369
104105, -0.404461, -0.413336
104104, -0.405484, -0.408880
104055, -0.405881, -0.398306
104033, -0.406230, -0.377819
104029, -0.404015, -0.424809
103998, -0.404152, -0.410674
103980, -0.405488, -0.400260
103954, -0.406347, -0.400523
103948, -0.405733, -0.484924
103943, -0.406772, -0.483855
103932, -0.405653, -0.473553
103924, -0.406897, -0.399971
103855, -0.404201, -0.405333
103806, -0.406804, -0.342934
103797, -0.402694, -0.411990
103789, -0.407459, -0.430391
103765, -0.403971, -0.401455
103760, -0.405666, -0.459985
103747, -0.399861, -0.451448
103736, -0.397966, -0.427430
103727, -0.399787, -0.402604
103710, -0.397800, -0.400850
103707, -0.401567, -0.396867
103701, -0.396502, -0.392441
103691, -0.401992, -0.402064
103682, -0.400862, -0.393292
103680, -0.402134, -0.423925
103662, -0.400574, -0.426497
103648, -0.401106, -0.393093
103645, -0.396525, -0.393567
103638, -0.402141, -0.384182
103619, -0.400538, -0.399345
103614, -0.400789, -0.392462
103607, -0.400033, -0.399859
103571, -0.396785, -0.390644
103560, -0.397894, -0.362639
103559, -0.398679, -0.361428
103537, -0.399090, -0.405812
103528, -0.399535, -0.381208
103527, -0.398703, -0.368849
103524, -0.399921, -0.386558
103521, -0.396714, -0.356986
103498, -0.396560, -0.395902
103487, -0.401558, -0.401554
103474, -0.396726, -0.417673
103452, -0.396886, -0.397715
103446, -0.398821, -0.378995
103432, -0.396848, -0.422279
103409, -0.398981, -0.397041
103406, -0.398413, -0.425556
103403, -0.396476, -0.323561
103348, -0.400095, -0.373431
103343, -0.399947, -0.420331
103334, -0.400714, -0.402693
103314, -0.397563, -0.406821
103307, -0.401882, -0.314330
103294, -0.397787, -0.388431
103274, -0.398716, -0.298158
103257, -0.398310, -0.346154
103249, -0.398675, -0.301407
103227, -0.401401, -0.379170
103219, -0.396714, -0.387623
103218, -0.399288, -0.399978
103187, -0.397789, -0.394343
103174, -0.397367, -0.395909
103171, -0.400224, -0.390806
103164, -0.396522, -0.535628
103152, -0.397911, -0.393359
103139, -0.396803, -0.376877
103134, -0.399451, -0.511134
103126, -0.400899, -0.389658
103103, -0.400259, -0.374186
103099, -0.399538, -0.478357
103088, -0.399322, -0.342678
103080, -0.401935, -0.413079
103068, -0.399399, -0.387105
103067, -0.399475, -0.419560
103055, -0.401053, -0.423209
103039, -0.399119, -0.460251
103026, -0.401008, -0.349777
103025, -0.399924, -0.373973
103012, -0.398559, -0.331905
103008, -0.398346, -0.391387
103007, -0.399586, -0.404165
103003, -0.401632, -0.349053
103000, -0.397778, -0.379213
102990, -0.398852, -0.399615
102981, -0.397285, -0.309864
102963, -0.399315, -0.367462
102950, -0.399607, -0.329734
102938, -0.396512, -0.468697
102936, -0.398384, -0.466562
102933, -0.401008, -0.429239
102930, -0.400682, -0.494267
102929, -0.398470, -0.432679
102925, -0.399045, -0.461339
102905, -0.398756, -0.390553
102889, -0.397631, -0.397977
102887, -0.399452, -0.374355
102879, -0.400373, -0.371767
102853, -0.396464, -0.480699
102838, -0.399777, -0.380609
102789, -0.398262, -0.399651
102784, -0.399297, -0.412589
102782, -0.399092, -0.369832
102776, -0.399714, -0.462931
102775, -0.396491, -0.483284
102768, -0.396911, -0.370310
102748, -0.395605, -0.339454
102736, -0.392887, -0.387614
102710, -0.394523, -0.397568
102688, -0.395717, -0.398678
102671, -0.393151, -0.393858
102663, -0.391215, -0.484951
102662, -0.394550, -0.347130
102661, -0.394689, -0.365563
102653, -0.392081, -0.371273
102644, -0.396062, -0.393005
102641, -0.392106, -0.391796
102637, -0.394652, -0.395480
102633, -0.394759, -0.386287
102625, -0.391870, -0.396901
102617, -0.392757, -0.390934
102612, -0.396455, -0.378504
102605, -0.390718, -0.374200
102560, -0.391807, -0.378633
102557, -0.392925, -0.396064
102553, -0.394153, -0.404958
102532, -0.394151, -0.328412
102499, -0.393939, -0.392435
102497, -0.393428, -0.399717
102487, -0.395015, -0.397146
102486, -0.395078, -0.366006
102481, -0.393229, -0.384551
102476, -0.393538, -0.368396
102443, -0.391993, -0.368867
102441, -0.394876, -0.394434
102429, -0.392740, -0.412257
102423, -0.390272, -0.466435
102420, -0.393820, -0.379677
102410, -0.390419, -0.395997
102406, -0.395575, -0.397633
102397, -0.395579, -0.474375
102394, -0.392713, -0.371912
102393, -0.392924, -0.371077
102367, -0.392340, -0.395589
102348, -0.394397, -0.394288
102342, -0.396236, -0.380777
102336, -0.391623, -0.439422
102332, -0.391916, -0.315169
102329, -0.394604, -0.394751
102328, -0.394389, -0.270652
102312, -0.392356, -0.414777
102310, -0.391994, -0.368966
102302, -0.395398, -0.304872
102297, -0.396407, -0.395025
102254, -0.394829, -0.400067
102244, -0.395697, -0.275227
102235, -0.395353, -0.327791
102232, -0.395618, -0.392189
102231, -0.394297, -0.343526
102227, -0.395927, -0.359820
102202, -0.394375, -0.396144
102201, -0.395809, -0.342549
102190, -0.393361, -0.339794
102186, -0.396124, -0.527199
102185, -0.391825, -0.318631
102184, -0.391133, -0.326560
102168, -0.392891, -0.350253
102166, -0.394336, -0.373713
102154, -0.390520, -0.242048
102143, -0.391617, -0.346972
102140, -0.394254, -0.386149
102128, -0.395726, -0.377473
102122, -0.395493, -0.351084
102115, -0.390413, -0.328261
102103, -0.392387, -0.444804
102101, -0.393025, -0.396685
102100, -0.396256, -0.362499
102087, -0.390861, -0.384019
102083, -0.392988, -0.489283
102073, -0.392038, -0.406619
102071, -0.390776, -0.382518
102063, -0.395805, -0.410456
102060, -0.396302, -0.359236
102054, -0.393627, -0.505179
102052, -0.392611, -0.418928
102037, -0.391803, -0.390762
102025, -0.390429, -0.394103
102024, -0.391685, -0.387026
102020, -0.391781, -0.388166
102019, -0.395205, -0.480880
102010, -0.392238, -0.363707
102002, -0.392392, -0.447721
101999, -0.394123, -0.331068
101957, -0.390965, -0.371386
101938, -0.393838, -0.361313
101919, -0.395626, -0.345305
101897, -0.392465, -0.391791
101889, -0.392073, -0.391590
101881, -0.393376, -0.302417
101877, -0.392038, -0.350283
101872, -0.390633, -0.392458
101862, -0.394389, -0.281709
101857, -0.396294, -0.280640
101854, -0.396193, -0.319909
101849, -0.390369, -0.385067
101834, -0.390957, -0.394260
101830, -0.395095, -0.406733
101826, -0.392477, -0.372121
101813, -0.390348, -0.318005
101802, -0.392363, -0.386927
101781, -0.394818, -0.354371
101779, -0.391625, -0.369029
101778, -0.391949, -0.485232
101776, -0.391336, -0.392984
101766, -0.393720, -0.500227
101763, -0.391255, -0.495702
101716, -0.389188, -0.386434
101714, -0.387438, -0.407958
101703, -0.385285, -0.388093
101696, -0.385934, -0.389730
101666, -0.385744, -0.330116
101650, -0.385789, -0.365383
101649, -0.388023, -0.385631
101648, -0.388157, -0.390113
101640, -0.386192, -0.396599
101630, -0.384860, -0.386705
101602, -0.389756, -0.390479
101598, -0.387387, -0.396525
101586, -0.390230, -0.383877
101577, -0.386555, -0.379088
101574, -0.389602, -0.380874
101565, -0.389976, -0.375000
101564, -0.384866, -0.389089
101557, -0.388766, -0.465200
101549, -0.387424, -0.386859
101541, -0.388354, -0.388872
101533, -0.385166, -0.381825
101531, -0.389737, -0.348294
101529, -0.387037, -0.372488
101528, -0.388125, -0.385646
101506, -0.385221, -0.355943
101493, -0.385419, -0.360958
101490, -0.387453, -0.386820
101486, -0.389165, -0.405582
101472, -0.385206, -0.343401
101463, -0.386938, -0.329340
101450, -0.388068, -0.438787
101440, -0.386327, -0.372172
101439, -0.387242, -0.382085
101431, -0.385402, -0.387658
101427, -0.384769, -0.384587
101408, -0.385853, -0.375199
101394, -0.389189, -0.372151
101379, -0.388256, -0.398069
101371, -0.390147, -0.364087
101354, -0.385314, -0.407740
101346, -0.385890, -0.357099
101340, -0.385274, -0.389353
101329, -0.388332, -0.415852
101327, -0.389423, -0.410211
101319, -0.388837, -0.317335
101309, -0.389871, -0.215245
101305, -0.385848, -0.381384
101275, -0.388684, -0.318289
101271, -0.385565, -0.386356
101250, -0.386787, -0.396181
101242, -0.387023, -0.416167
101240, -0.385386, -0.376661
101234, -0.387229, -0.329800
101214, -0.389055, -0.350924
101207, -0.386666, -0.362426
101206, -0.389585, -0.375246
101127, -0.388735, -0.383388
101103, -0.389723, -0.355156
101093, -0.387433, -0.333901
101085, -0.385959, -0.421569
101081, -0.388805, -0.533929
101077, -0.388224, -0.390826
101064, -0.387401, -0.395248
101063, -0.390086, -0.479105
101060, -0.389008, -0.397697
101024, -0.389608, -0.342964
101014, -0.388546, -0.383757
101008, -0.388493, -0.283679
101007, -0.387244, -0.521386
101005, -0.386448, -0.428902
100996, -0.385365, -0.500385
100988, -0.388495, -0.364232
100980, -0.384597, -0.347369
100976, -0.386613, -0.382603
100951, -0.386989, -0.671316
100949, -0.389951, -0.309895
100946, -0.388194, -0.345606
100945, -0.384997, -0.329698
100942, -0.389064, -0.429787
100908, -0.389556, -0.400449
100907, -0.387830, -0.389916
100903, -0.389245, -0.393771
100897, -0.384941, -0.382985
100884, -0.385797, -0.608798
100880, -0.386654, -0.284612
100865, -0.389523, -0.390447
100864, -0.390066, -0.424728
100861, -0.386164, -0.332064
100858, -0.384819, -0.313925
100857, -0.385687, -0.340091
100851, -0.385173, -0.280065
100831, -0.385314, -0.412213
100829, -0.384676, -0.373723
100828, -0.389100, -0.363000
100827, -0.384625, -0.374857
100818, -0.389879, -0.384852
100813, -0.387905, -0.407486
100796, -0.387831, -0.372791
100781, -0.388032, -0.410148
100757, -0.388087, -0.356091
100753, -0.383400, -0.379210
100751, -0.378843, -0.399993
100743, -0.384371, -0.421298
100725, -0.380657, -0.291909
100718, -0.382846, -0.395671
100710, -0.380828, -0.379375
100699, -0.379989, -0.492869
100686, -0.383143, -0.396098
100681, -0.383186, -0.380589
100669, -0.379781, -0.369345
100659, -0.384012, -0.382619
100653, -0.381051, -0.404966
100643, -0.382412, -0.378128
100626, -0.380680, -0.377175
100607, -0.380878, -0.376896
100603, -0.378630, -0.389105
100601, -0.384446, -0.397830
100589, -0.379973, -0.374889
100564, -0.382270, -0.351967
100561, -0.381680, -0.349539
100559, -0.383400, -0.337608
100557, -0.384501, -0.381927
100517, -0.383731, -0.374478
100498, -0.384350, -0.385297
100485, -0.381348, -0.356472
100479, -0.381868, -0.379438
100454, -0.381007, -0.400475
100453, -0.382571, -0.380416
100451, -0.384216, -0.381849
100443, -0.382963, -0.416163
100442, -0.381787, -0.398676
100401, -0.383835, -0.414776
100390, -0.379913, -0.373127
100389, -0.382580, -0.530833
100383, -0.384519, -0.392904
100379, -0.383187, -0.359733
100373, -0.380790, -0.347224
100344, -0.380590, -0.303400
100335, -0.382973, -0.379809
100276, -0.378959, -0.261761
100265, -0.384016, -0.356752
100264, -0.382641, -0.279306
100255, -0.382642, -0.350427
100232, -0.383877, -0.324780
100215, -0.382708, -0.398172
100214, -0.380271, -0.387541
100210, -0.384433, -0.368479
100206, -0.383840, -0.275040
100200, -0.384321, -0.381173
100198, -0.378887, -0.400774
100196, -0.384256, -0.360118
100185, -0.380084, -0.319468
100181, -0.379639, -0.335988
100166, -0.379555, -0.379193
100159, -0.380204, -0.351081
100148, -0.380632, -0.382909
100146, -0.380278, -0.402112
100132, -0.378688, -0.476352
100128, -0.384216, -0.411610
100098, -0.383963, -0.370058
100091, -0.381665, -0.312834
100087, -0.379203, -0.414278
100082, -0.383289, -0.386548
100066, -0.379218, -0.376855
100065, -0.380747, -0.381028
100052, -0.378678, -0.311737
100046, -0.379182, -0.412171
100045, -0.379393, -0.474178
100020, -0.381643, -0.359466
100017, -0.383106, -0.373808
100008, -0.381077, -0.337886
100006, -0.381785, -0.411321
99993, -0.381594, -0.394267
99987, -0.379648, -0.319591
99976, -0.381215, -0.339498
99952, -0.383265, -0.372190
99922, -0.380737, -0.385491
99919, -0.381484, -0.404007
99918, -0.384138, -0.389041
99893, -0.380072, -0.282227
99873, -0.381762, -0.331038
99866, -0.383791, -0.350965
99861, -0.379531, -0.276783
99850, -0.381637, -0.402934
99844, -0.381617, -0.378019
99843, -0.379274, -0.325734
99835, -0.382233, -0.394542
99821, -0.379246, -0.355785
99806, -0.382652, -0.451397
99789, -0.379994, -0.356735
99786, -0.378999, -0.427747
99772, -0.381493, -0.394525
99754, -0.377922, -0.446836
99738, -0.373079, -0.317389
99735, -0.377309, -0.471966
99724, -0.375946, -0.298685
99721, -0.374074, -0.279509
99717, -0.374405, -0.379634
99711, -0.373261, -0.392832
99710, -0.376593, -0.372565
99685, -0.373588, -0.349840
99652, -0.375219, -0.357482
99649, -0.372500, -0.367215
99647, -0.376664, -0.374393
99632, -0.375547, -0.385862
99625, -0.375646, -0.359498
99613, -0.377693, -0.376083
99609, -0.373585, -0.364406
99592, -0.373220, -0.365877
99570, -0.374966, -0.406108
99550, -0.373455, -0.378473
99544, -0.372884, -0.368361
99531, -0.373213, -0.361946
99508, -0.377521, -0.408083
99501, -0.375673, -0.382695
99495, -0.375956, -0.365278
99475, -0.372430, -0.344210
99474, -0.375617, -0.354537
99473, -0.373249, -0.383565
99472, -0.376044, -0.420454
99466, -0.373017, -0.374467
99447, -0.376412, -0.377426
99443, -0.377579, -0.377710
99424, -0.378429, -0.362423
99421, -0.378409, -0.446346
99414, -0.378587, -0.388283
99397, -0.375430, -0.392520
99394, -0.373794, -0.322780
99376, -0.378196, -0.316859
99369, -0.372819, -0.380403
99354, -0.377091, -0.404261
99340, -0.373748, -0.338584
99329, -0.376656, -0.403698
99320, -0.378306, -0.284896
99316, -0.372772, -0.303689
99310, -0.375539, -0.384871
99300, -0.374587, -0.342624
99283, -0.372591, -0.329981
99280, -0.375768, -0.313472
99278, -0.377378, -0.350388
99276, -0.373950, -0.343876
99262, -0.373587, -0.368179
99256, -0.375350, -0.406076
99240, -0.378507, -0.397912
99209, -0.375163, -0.373317
99187, -0.376603, -0.398767
99181, -0.378429, -0.361706
99169, -0.376612, -0.351390
99163, -0.376682, -0.303168
99156, -0.372711, -0.378097
99150, -0.375420, -0.402206
99148, -0.377759, -0.385002
99143, -0.375997, -0.372240
99138, -0.376439, -0.314198
99134, -0.376294, -0.380305
99129, -0.374581, -0.378353
99116, -0.377144, -0.327543
99109, -0.373319, -0.386890
99094, -0.377283, -0.418291
99093, -0.378234, -0.440594
99082, -0.375746, -0.413839
99081, -0.373954, -0.368851
99058, -0.377071, -0.365529
99054, -0.372574, -0.325749
99050, -0.377513, -0.258955
99047, -0.375300, -0.365096
99043, -0.374654, -0.327739
99040, -0.376506, -0.443070
99029, -0.374618, -0.401344
99026, -0.376029, -0.367288
99025, -0.377910, -0.384137
99013, -0.377222, -0.400428
99006, -0.377997, -0.379296
98990, -0.377432, -0.334695
98959, -0.376289, -0.428687
98953, -0.375962, -0.429403
98943, -0.373267, -0.367930
98933, -0.373653, -0.394278
98932, -0.372468, -0.381876
98919, -0.377106, -0.348080
98913, -0.375032, -0.394582
98910, -0.378036, -0.403015
98905, -0.375431, -0.373915
98895, -0.372875, -0.380682
98890, -0.375981, -0.332708
98882, -0.377038, -0.284238
98874, -0.376093, -0.270940
98848, -0.377108, -0.415680
98842, -0.377274, -0.404449
98835, -0.373597, -0.379175
98830, -0.378215, -0.383950
98825, -0.375992, -0.447898
98818, -0.373415, -0.379727
98810, -0.374673, -0.346389
98801, -0.378007, -0.372836
98796, -0.377266, -0.278112
98793, -0.375676, -0.372055
98777, -0.377302, -0.462004
98763, -0.378184, -0.373151
98735, -0.368658, -0.469496
98733, -0.371599, -0.373208
98731, -0.368134, -0.359292
98721, -0.369694, -0.425391
98702, -0.371755, -0.368518
98685, -0.371675, -0.377629
98668, -0.367092, -0.359302
98657, -0.370353, -0.362213
98651, -0.370734, -0.376351
98639, -0.370266, -0.394656
98633, -0.366064, -0.336036
98626, -0.371672, -0.393283
98623, -0.366314, -0.356780
98607, -0.370486, -0.347900
98603, -0.370575, -0.382543
98598, -0.367596, -0.349137
98579, -0.371344, -0.375259
98560, -0.372306, -0.356767
98548, -0.371609, -0.377106
98547, -0.366153, -0.343198
98532, -0.367901, -0.380213
98522, -0.368774, -0.381030
98511, -0.369793, -0.354665
98508, -0.367621, -0.329378
98507, -0.369576, -0.330178
98489, -0.366718, -0.376648
98478, -0.370102, -0.365400
98473, -0.367355, -0.360157
98470, -0.370389, -0.369884
98457, -0.366455, -0.357066
98444, -0.369911, -0.373036
98436, -0.366599, -0.364591
98428, -0.368025, -0.365651
98408, -0.369232, -0.369989
98401, -0.369290, -0.386240
98398, -0.372023, -0.368550
98390, -0.370414, -0.345651
98384, -0.366995, -0.347274
98348, -0.371836, -0.351073
98346, -0.370407, -0.344496
98325, -0.370302, -0.321698
98320, -0.366912, -0.333070
98317, -0.366024, -0.387751
98305, -0.369996, -0.410532
98300, -0.371978, -0.420884
98296, -0.371990, -0.390100
98291, -0.368021, -0.346505
98277, -0.370319, -0.349231
98276, -0.369305, -0.353177
98252, -0.369915, -0.201101
98222, -0.370251, -0.393906
98201, -0.366490, -0.364980
98194, -0.371460, -0.406300
98190, -0.368654, -0.329165
98174, -0.371685, -0.370786
98172, -0.368188, -0.376678
98170, -0.371747, -0.349336
98151, -0.369268, -0.343910
98150, -0.372212, -0.338019
98129, -0.371089, -0.318206
98116, -0.371899, -0.398483
98113, -0.366245, -0.381411
98088, -0.369439, -0.372620
98087, -0.368041, -0.419747
98068, -0.370591, -0.398652
98064, -0.366677, -0.451160
98057, -0.372069, -0.383620
98056, -0.369231, -0.370505
98051, -0.371844, -0.401301
98046, -0.367010, -0.391996
98044, -0.371938, -0.396815
98036, -0.371076, -0.329488
98019, -0.368112, -0.209201
97999, -0.367328, -0.380613
97995, -0.369954, -0.365438
97993, -0.371949, -0.523451
97990, -0.371340, -0.374978
97988, -0.368307, -0.504085
97981, -0.368330, -0.525391
97977, -0.370936, -0.365383
97963, -0.371057, -0.342530
97957, -0.369177, -0.317663
97954, -0.367722, -0.319969
97943, -0.367017, -0.333663
97927, -0.366984, -0.446795
97923, -0.368992, -0.392981
97896, -0.366919, -0.364524
97876, -0.371100, -0.423204
97875, -0.371149, -0.411108
97861, -0.367371, -0.402253
97858, -0.367695, -0.336141
97847, -0.369632, -0.347950
97835, -0.369479, -0.424606
97781, -0.368532, -0.477225
97778, -0.369541, -0.478424
97773, -0.370413, -0.457582
97754, -0.364357, -0.402958
97745, -0.363058, -0.359170
97737, -0.365392, -0.362968
97725, -0.363842, -0.363303
97716, -0.360947, -0.379246
97691, -0.361169, -0.349013
97690, -0.359567, -0.400052
97677, -0.359626, -0.348008
97662, -0.361030, -0.357449
97658, -0.364333, -0.351345
97654, -0.362612, -0.346808
97604, -0.361758, -0.349620
97596, -0.363407, -0.282240
97568, -0.360407, -0.362356
97566, -0.361178, -0.371942
97558, -0.363040, -0.360204
97550, -0.363705, -0.269181
97546, -0.361928, -0.364291
97543, -0.362755, -0.330236
97526, -0.364244, -0.318170
97514, -0.361255, -0.349876
97488, -0.365719, -0.355391
97464, -0.365226, -0.356218
97448, -0.361286, -0.350055
97426, -0.363766, -0.354318
97393, -0.362022, -0.353415
97392, -0.359878, -0.350864
97379, -0.364895, -0.317798
97372, -0.360420, -0.386182
97365, -0.362018, -0.325649
97364, -0.365775, -0.384399
97332, -0.364682, -0.382612
97327, -0.363407, -0.331193
97320, -0.359698, -0.381263
97314, -0.361529, -0.357102
97289, -0.360150, -0.350769
97285, -0.362540, -0.385883
97250, -0.365903, -0.406521
97223, -0.364341, -0.384183
97190, -0.363914, -0.345786
97179, -0.360115, -0.323225
97173, -0.362529, -0.364251
97162, -0.364036, -0.339366
97156, -0.360830, -0.355906
97155, -0.365727, -0.317589
97154, -0.361097, -0.352403
97152, -0.362306, -0.371439
97146, -0.362688, -0.398812
97136, -0.365966, -0.340852
97124, -0.364271, -0.383201
97122, -0.364998, -0.304075
97120, -0.360187, -0.324378
97110, -0.362940, -0.348151
97096, -0.363070, -0.382776
97075, -0.361352, -0.358008
97069, -0.361243, -0.351305
97049, -0.360251, -0.357179
97040, -0.361433, -0.328735
97038, -0.364432, -0.480876
97023, -0.363485, -0.420439
97020, -0.361659, -0.375728
97003, -0.362701, -0.305762
96991, -0.365394, -0.326843
96978, -0.365031, -0.358857
96973, -0.359872, -0.476118
96972, -0.363308, -0.352266
96968, -0.365379, -0.320215
96967, -0.364456, -0.355373
96966, -0.363139, -0.356016
96964, -0.361896, -0.457425
96947, -0.365698, -0.381399
96944, -0.364595, -0.323257
96936, -0.364634, -0.358116
96898, -0.360872, -0.358202
96896, -0.360890, -0.359613
96884, -0.360352, -0.350121
96854, -0.363170, -0.413419
96849, -0.365334, -0.354782
96847, -0.362823, -0.353268
96845, -0.363476, -0.352975
96843, -0.359434, -0.414264
96815, -0.365530, -0.383442
96808, -0.360259, -0.371002
96795, -0.364999, -0.415803
96794, -0.364168, -0.410674
96792, -0.362985, -0.355134
96790, -0.362667, -0.349925
96779, -0.364456, -0.425120
96764, -0.362978, -0.366129
96744, -0.355819, -0.359790
96743, -0.358798, -0.352075
96739, -0.357465, -0.399206
96734, -0.356476, -0.326476
96724, -0.355594, -0.399830
96719, -0.358760, -0.359466
96694, -0.358602, -0.356643
96688, -0.359426, -0.348196
96670, -0.352669, -0.335798
96663, -0.357192, -0.366611
96658, -0.354398, -0.329807
96653, -0.359147, -0.355893
96650, -0.358525, -0.352392
96630, -0.355145, -0.338098
96629, -0.355335, -0.342577
96628, -0.357323, -0.378918
96621, -0.356433, -0.363526
96618, -0.352369, -0.382902
96617, -0.353585, -0.368351
96593, -0.352738, -0.360520
96590, -0.358590, -0.401993
96566, -0.353817, -0.370653
96560, -0.354577, -0.364898
96555, -0.358492, -0.354355
96528, -0.356044, -0.337811
96522, -0.353117, -0.366236
96507, -0.358774, -0.368533
96506, -0.355430, -0.360380
96493, -0.358773, -0.338768
96489, -0.352591, -0.332497
96462, -0.358296, -0.345688
96417, -0.356763, -0.359688
96406, -0.356882, -0.379222
96401, -0.357608, -0.363843
96385, -0.357531, -0.393657
96378, -0.353059, -0.304755
96352, -0.359237, -0.294087
96350, -0.359259, -0.327690
96344, -0.352855, -0.323787
96343, -0.355837, -0.374158
96334, -0.352634, -0.289472
96330, -0.353044, -0.283964
96329, -0.352943, -0.310258
96318, -0.358938, -0.354130
96301, -0.357115, -0.333041
96286, -0.354403, -0.345494
96279, -0.356243, -0.355541
96277, -0.358060, -0.350664
96276, -0.358602, -0.326860
96268, -0.356456, -0.393021
96262, -0.356959, -0.368936
96260, -0.354270, -0.352687
96257, -0.354842, -0.395580
96223, -0.356540, -0.356975
96217, -0.353011, -0.328733
96215, -0.356605, -0.383746
96211, -0.356712, -0.366938
96206, -0.355986, -0.305557
96205, -0.353705, -0.362723
96201, -0.355718, -0.386563
96186, -0.358487, -0.355590
96178, -0.353895, -0.325383
96153, -0.352896, -0.360422
96150, -0.356148, -0.381728
96121, -0.355359, -0.383446
96114, -0.354950, -0.369402
96088, -0.357872, -0.378620
96079, -0.352448, -0.317450
96073, -0.355319, -0.387313
96060, -0.353812, -0.319849
96054, -0.357970, -0.451907
96053, -0.356213, -0.368691
96035, -0.356604, -0.427706
96031, -0.353492, -0.306246
96029, -0.353837, -0.306708
96027, -0.354856, -0.346839
96016, -0.353248, -0.381118
96000, -0.354771, -0.335070
95986, -0.353677, -0.370817
95982, -0.356295, -0.360375
95942, -0.356604, -0.583229
95941, -0.354425, -0.598072
95907, -0.358367, -0.347746
95905, -0.359434, -0.342866
95901, -0.355689, -0.338117
95898, -0.355214, -0.337528
95897, -0.353869, -0.342448
95892, -0.354331, -0.340249
95860, -0.353273, -0.354397
95845, -0.356702, -0.354761
95844, -0.354567, -0.367850
95843, -0.356031, -0.391455
95805, -0.357777, -0.379138
95803, -0.357441, -0.338027
95802, -0.353676, -0.346321
95800, -0.353336, -0.444517
95792, -0.356275, -0.354234
95787, -0.355724, -0.336612
95770, -0.353116, -0.459617
95741, -0.345209, -0.482832
95738, -0.346194, -0.423466
95712, -0.346472, -0.395806
95709, -0.347217, -0.280909
95700, -0.348549, -0.345931
95699, -0.349463, -0.351737
95694, -0.352207, -0.349459
95680, -0.345602, -0.361049
95674, -0.351185, -0.374093
95656, -0.347898, -0.366075
95655, -0.350295, -0.352100
95651, -0.346883, -0.303307
95637, -0.349804, -0.348184
95616, -0.347249, -0.423921
95615, -0.347287, -0.336032
95612, -0.346732, -0.333329
95569, -0.351578, -0.348902
95565, -0.346153, -0.335626
95554, -0.350058, -0.348322
95553, -0.349299, -0.351192
95545, -0.351547, -0.347814
95539, -0.348587, -0.345416
95527, -0.346503, -0.389261
95502, -0.350565, -0.348040
95494, -0.348319, -0.334875
95493, -0.349547, -0.360276
95492, -0.347461, -0.323470
95466, -0.344657, -0.325999
95463, -0.351602, -0.346897
95460, -0.344799, -0.341775
95459, -0.346567, -0.376615
95450, -0.347235, -0.341114
95447, -0.350582, -0.350812
95444, -0.347802, -0.365634
95437, -0.344705, -0.375480
95433, -0.350602, -0.382604
95411, -0.344299, -0.343420
95403, -0.351946, -0.398665
95367, -0.350893, -0.321851
95366, -0.349511, -0.332508
95360, -0.348713, -0.355926
95359, -0.347718, -0.256670
95358, -0.351072, -0.383997
95354, -0.344601, -0.308906
95349, -0.346884, -0.395634
95320, -0.347005, -0.308022
95319, -0.349699, -0.303716
95315, -0.346603, -0.328172
95308, -0.345517, -0.379396
95305, -0.346503, -0.344740
95303, -0.346869, -0.313277
95299, -0.349163, -0.273164
95295, -0.345340, -0.314738
95279, -0.348121, -0.313957
95267, -0.346768, -0.326945
95258, -0.348933, -0.325926
95236, -0.351108, -0.348153
95228, -0.350095, -0.361053
95217, -0.347166, -0.292590
95212, -0.347891, -0.258552
95202, -0.348077, -0.313615
95201, -0.345144, -0.378958
95183, -0.348404, -0.399368
95182, -0.350775, -0.333235
95097, -0.346438, -0.256943
95094, -0.345759, -0.366670
95090, -0.347744, -0.322876
95086, -0.347391, -0.456956
95076, -0.346381, -0.482778
95071, -0.344837, -0.319081
95070, -0.347479, -0.381782
95065, -0.348318, -0.409961
95064, -0.344999, -0.370610
95048, -0.351309, -0.348597
95047, -0.345330, -0.296187
95035, -0.352084, -0.262828
95026, -0.344457, -0.405662
95025, -0.351290, -0.304078
95014, -0.349531, -0.307299
95011, -0.345560, -0.382456
95009, -0.349773, -0.360658
95008, -0.349524, -0.406861
95005, -0.351831, -0.314901
94995, -0.348614, -0.370260
94987, -0.345179, -0.302568
94984, -0.350153, -0.365930
94973, -0.346702, -0.315519
94969, -0.352277, -0.347288
94953, -0.349862, -0.483337
94943, -0.349716, -0.293131
94933, -0.351426, -0.343076
94929, -0.349965, -0.343572
94921, -0.351813, -0.391004
94910, -0.348120, -0.339916
94899, -0.344340, -0.296192
94890, -0.349584, -0.331231
94875, -0.346750, -0.343104
94872, -0.345438, -0.329785
94870, -0.350366, -0.360576
94857, -0.348225, -0.323768
94855, -0.350121, -0.251563
94854, -0.344935, -0.218801
94853, -0.346414, -0.389935
94851, -0.348229, -0.417296
94836, -0.344733, -0.317272
94827, -0.349813, -0.361387
94825, -0.351417, -0.350103
94810, -0.344772, -0.380366
94808, -0.346859, -0.340032
94785, -0.348743, -0.427076
94762, -0.345571, -0.386128
94756, -0.341399, -0.305311
94755, -0.338265, -0.388800
94747, -0.343970, -0.338989
94739, -0.337850, -0.396926
94732, -0.341554, -0.413996
94727, -0.336499, -0.331300
94722, -0.343415, -0.604077
94697, -0.343506, -0.377647
94696, -0.343694, -0.355220
94687, -0.341442, -0.323487
94677, -0.340291, -0.359562
94664, -0.343031, -0.325873
94652, -0.342678, -0.378857
94650, -0.340769, -0.335651
94648, -0.340598, -0.330628
94645, -0.340494, -0.352784
94642, -0.335807, -0.324158
94635, -0.340296, -0.355889
94609, -0.338187, -0.323207
94597, -0.339957, -0.304875
94596, -0.335896, -0.352786
94595, -0.341605, -0.317564
94579, -0.336873, -0.370390
94567, -0.343929, -0.377550
94562, -0.335894, -0.293266
94561, -0.338799, -0.287718
94560, -0.339990, -0.345287
94558, -0.340626, -0.346167
94555, -0.338157, -0.335683
94554, -0.342607, -0.347329
94553, -0.336142, -0.291232
94500, -0.339708, -0.324721
94496, -0.340498, -0.330406
94463, -0.335829, -0.335242
94457, -0.336453, -0.328198
94452, -0.335822, -0.289801
94436, -0.342689, -0.353286
94434, -0.342293, -0.326553
94430, -0.339150, -0.289805
94425, -0.340322, -0.359214
94423, -0.341296, -0.324661
94413, -0.337300, -0.368716
94409, -0.343166, -0.346771
94396, -0.342230, -0.333977
94383, -0.341874, -0.350927
94377, -0.337730, -0.571622
94347, -0.335957, -0.348385
94344, -0.337557, -0.250977
94311, -0.338087, -0.283452
94308, -0.340107, -0.297471
94307, -0.336583, -0.334504
94293, -0.343088, -0.290968
94282, -0.341666, -0.293042
94270, -0.336479, -0.344355
94266, -0.338415, -0.371483
94264, -0.340375, -0.298850
94253, -0.336423, -0.336064
94245, -0.341293, -0.308176
94229, -0.336790, -0.327390
94213, -0.340267, -0.373241
94210, -0.341885, -0.313493
94199, -0.337856, -0.431180
94188, -0.343845, -0.280176
94176, -0.339654, -0.359410
94175, -0.342033, -0.373839
94171, -0.340222, -0.300272
94167, -0.335992, -0.262626
94159, -0.338469, -0.301431
94158, -0.341919, -0.310427
94118, -0.343992, -0.292884
94112, -0.339414, -0.303538
94097, -0.341099, -0.323655
94089, -0.337875, -0.313335
94078, -0.341429, -0.374927
94068, -0.336662, -0.323718
94059, -0.339536, -0.259514
94058, -0.337475, -0.315844
94043, -0.343044, -0.297366
94042, -0.340831, -0.346482
94029, -0.337803, -0.313952
94020, -0.338602, -0.324494
94018, -0.339925, -0.391374
94015, -0.343597, -0.389175
94000, -0.341462, -0.389489
93980, -0.341535, -0.353128
93968, -0.339933, -0.369142
93951, -0.336117, -0.311005
93940, -0.342790, -0.414282
93934, -0.335841, -0.434787
93933, -0.341727, -0.305870
93930, -0.340766, -0.366713
93925, -0.339074, -0.339473
93887, -0.339256, -0.239469
93881, -0.339760, -0.357083
93879, -0.337705, -0.331148
93835, -0.336806, -0.340571
93829, -0.342074, -0.341176
93816, -0.341978, -0.385368
93797, -0.336388, -0.348629
93769, -0.343646, -0.449901
93767, -0.337461, -0.276202
93760, -0.334453, -0.344582
93758, -0.329163, -0.346200
93714, -0.335767, -0.329188
93709, -0.332131, -0.387351
93701, -0.334511, -0.340512
93698, -0.328673, -0.320537
93691, -0.331778, -0.355976
93689, -0.328950, -0.327488
93685, -0.333395, -0.324002
93683, -0.329767, -0.328217
93676, -0.331822, -0.299479
93670, -0.332123, -0.324938
93666, -0.335050, -0.331895
93657, -0.333547, -0.361768
93648, -0.329467, -0.349590
93644, -0.329628, -0.326855
93627, -0.330932, -0.339829
93618, -0.334508, -0.328531
93592, -0.335388, -0.348525
93586, -0.334676, -0.304630
93565, -0.330638, -0.295644
93555, -0.334128, -0.369313
93540, -0.329813, -0.259757
93498, -0.330092, -0.269143
93462, -0.330244, -0.304592
93447, -0.331389, -0.310128
93415, -0.332470, -0.338577
93409, -0.331444, -0.328402
93396, -0.335344, -0.331735
93390, -0.330349, -0.349163
93373, -0.333531, -0.215489
93358, -0.335086, -0.340269
93354, -0.332049, -0.367759
93350, -0.328946, -0.321861
93331, -0.334180, -0.385824
93330, -0.335453, -0.298196
93325, -0.329133, -0.325930
93296, -0.329120, -0.318209
93283, -0.330576, -0.341300
93279, -0.334945, -0.342016
93263, -0.332331, -0.353224
93258, -0.333343, -0.328331
93248, -0.329171, -0.215242
93234, -0.335040, -0.313299
93195, -0.334990, -0.334852
93191, -0.329734, -0.333360
93187, -0.329097, -0.225767
93186, -0.333896, -0.357706
93177, -0.331189, -0.323497
93171, -0.331636, -0.303354
93165, -0.332624, -0.250153
93160, -0.330522, -0.318794
93158, -0.335722, -0.293744
93146, -0.334251, -0.328967
93143, -0.331837, -0.294406
93140, -0.335724, -0.458465
93139, -0.335444, -0.430982
93133, -0.333078, -0.293542
93121, -0.331176, -0.300821
93105, -0.330093, -0.157366
93101, -0.331876, -0.241458
93099, -0.329637, -0.369064
93092, -0.331569, -0.325597
93086, -0.331946, -0.316697
93069, -0.333418, -0.348074
93053, -0.332607, -0.314489
93051, -0.329998, -0.316843
93034, -0.333185, -0.319469
93033, -0.330460, -0.235246
93027, -0.332516, -0.228556
93020, -0.332300, -0.397242
93002, -0.333749, -0.340028
93000, -0.328933, -0.358867
92988, -0.335113, -0.336339
92962, -0.330470, -0.259053
92940, -0.331208, -0.460873
92939, -0.330820, -0.319404
92928, -0.333186, -0.284569
92912, -0.333103, -0.294758
92907, -0.329020, -0.330509
92904, -0.334696, -0.289303
92902, -0.330865, -0.445497
92855, -0.334061, -0.383881
92851, -0.332637, -0.277943
92828, -0.334431, -0.355349
92802, -0.334701, -0.371393
92796, -0.334723, -0.381098
92781, -0.332906, -0.367039
92769, -0.335264, -0.287128
92765, -0.330821, -0.381588
92764, -0.324356, -0.338313
92753, -0.322891, -0.355069
92746, -0.323994, -0.379769
92729, -0.325610, -0.257038
92720, -0.325116, -0.367414
92717, -0.326054, -0.498887
92708, -0.327360, -0.374699
92696, -0.326350, -0.319516
92689, -0.328235, -0.331258
92682, -0.322756, -0.331973
92668, -0.323751, -0.332738
92666, -0.322792, -0.343945
92664, -0.321869, -0.301423
92657, -0.327667, -0.328414
92654, -0.328579, -0.353474
92649, -0.325699, -0.289516
92629, -0.326738, -0.333576
92622, -0.325946, -0.345748
92608, -0.325228, -0.313445
92583, -0.326615, -0.322241
92579, -0.322399, -0.292929
92569, -0.325945, -0.320600
92551, -0.325251, -0.319411
92532, -0.325379, -0.279848
92528, -0.324101, -0.351665
92526, -0.322104, -0.308172
92519, -0.327644, -0.322587
92518, -0.321522, -0.354271
92517, -0.327172, -0.336528
92516, -0.324360, -0.360466
92512, -0.323596, -0.322128
92509, -0.327439, -0.317931
92502, -0.327549, -0.325621
92470, -0.325181, -0.293265
92468, -0.323464, -0.303498
92455, -0.326631, -0.344975
92450, -0.327703, -0.297794
92448, -0.326621, -0.297214
92444, -0.326109, -0.299222
92439, -0.322813, -0.312755
92430, -0.327527, -0.315728
92424, -0.328227, -0.299517
92420, -0.325661, -0.237895
92412, -0.322896, -0.352715
92403, -0.326359, -0.329895
92390, -0.321654, -0.321988
92389, -0.325426, -0.309358
92384, -0.327980, -0.301605
92369, -0.325892, -0.306776
92366, -0.328056, -0.274048
92358, -0.328450, -0.306171
92353, -0.324971, -0.345541
92344, -0.328453, -0.334938
92335, -0.322696, -0.323732
92320, -0.324274, -0.240348
92317, -0.327041, -0.272947
92316, -0.326253, -0.284981
92254, -0.326502, -0.277983
92241, -0.321471, -0.342930
92238, -0.321889, -0.366666
92232, -0.326806, -0.288700
92227, -0.324536, -0.347710
92215, -0.323481, -0.352828
92201, -0.321700, -0.326014
92200, -0.322672, -0.328507
92187, -0.327115, -0.295463
92177, -0.326208, -0.303286
92165, -0.326102, -0.309912
92146, -0.322357, -0.303543
92096, -0.324389, -0.352317
92046, -0.324994, -0.295134
92043, -0.322568, -0.390754
92034, -0.325993, -0.284514
92022, -0.325958, -0.424644
92012, -0.324755, -0.249870
92001, -0.326721, -0.305991
91984, -0.328581, -0.287768
91979, -0.322551, -0.228930
91976, -0.325783, -0.218095
91957, -0.322758, -0.621077
91952, -0.327564, -0.439328
91945, -0.326557, -0.316811
91934, -0.323757, -0.294188
91933, -0.324218, -0.293790
91920, -0.328262, -0.306751
91869, -0.328288, -0.381376
91866, -0.326318, -0.339600
91862, -0.323427, -0.325807
91843, -0.328095, -0.312652
91832, -0.323211, -0.397538
91829, -0.325530, -0.293438
91826, -0.327814, -0.298831
91824, -0.322294, -0.350225
91821, -0.321716, -0.305703
91796, -0.327619, -0.332693
91794, -0.328419, -0.290452
91785, -0.323684, -0.339615
91780, -0.325242, -0.335555
91778, -0.325850, -0.254464
91765, -0.316579, -0.340244
91756, -0.314182, -0.340819
91708, -0.315934, -0.339053
91699, -0.319431, -0.328190
91692, -0.318781, -0.283761
91689, -0.317913, -0.287430
91671, -0.313904, -0.315331
91656, -0.314147, -0.318671
91632, -0.320508, -0.330570
91626, -0.316913, -0.303180
91625, -0.315787, -0.321178
91614, -0.315858, -0.314670
91607, -0.321447, -0.321213
91584, -0.318543, -0.353948
91582, -0.320345, -0.297128
91564, -0.313940, -0.290076
91548, -0.315201, -0.311911
91545, -0.314978, -0.300514
91542, -0.320635, -0.317309
91540, -0.314978, -0.300663
91538, -0.317156, -0.312251
91527, -0.320410, -0.368873
91519, -0.318987, -0.319264
91507, -0.320728, -0.289279
91492, -0.319612, -0.315879
91490, -0.321151, -0.320216
91484, -0.314380, -0.329263
91450, -0.319280, -0.368713
91439, -0.314683, -0.351963
91437, -0.317729, -0.308613
91436, -0.318799, -0.311336
91421, -0.314460, -0.284891
91386, -0.320673, -0.285787
91383, -0.313910, -0.301405
91379, -0.320898, -0.276552
91374, -0.317577, -0.267831
91371, -0.315420, -0.269892
91369, -0.315933, -0.287039
91362, -0.317727, -0.242883
91331, -0.320882, -0.275145
91292, -0.320096, -0.141287
91270, -0.316371, -0.232980
91252, -0.315267, -0.354437
91228, -0.317071, -0.337444
91211, -0.319876, -0.347463
91204, -0.316381, -0.317721
91191, -0.319570, -0.312637
91188, -0.315410, -0.270422
91186, -0.319915, -0.298369
91183, -0.320394, -0.293528
91181, -0.319618, -0.320814
91160, -0.314007, -0.365064
91150, -0.315700, -0.314353
91125, -0.315438, -0.279872
91103, -0.317403, -0.347446
91086, -0.313893, -0.302027
91047, -0.318132, -0.309488
91043, -0.321408, -0.340444
91041, -0.316515, -0.440146
91026, -0.314812, -0.272247
91008, -0.319538, -0.227718
91006, -0.318739, -0.305070
91000, -0.319985, -0.288996
90998, -0.321343, -0.342756
90972, -0.314738, -0.347193
90970, -0.314084, -0.260698
90946, -0.316885, -0.451441
90926, -0.318137, -0.297120
90922, -0.314030, -0.355865
90871, -0.318919, -0.359593
90867, -0.321088, -0.371985
90854, -0.317488, -0.378874
90852, -0.317273, -0.316666
90842, -0.320129, -0.321601
90839, -0.316355, -0.306265
90836, -0.318264, -0.321401
90831, -0.315710, -0.294592
90820, -0.315291, -0.320882
90811, -0.319894, -0.319732
90810, -0.320255, -0.321031
90805, -0.313878, -0.308498
90786, -0.315048, -0.370745
90782, -0.317492, -0.298509
90778, -0.317899, -0.274600
90777, -0.319514, -0.338897
90776, -0.317753, -0.390492
90770, -0.307202, -0.310505
90769, -0.306648, -0.368085
90755, -0.312286, -0.329623
90741, -0.308998, -0.281640
90691, -0.306641, -0.176874
90688, -0.307029, -0.291767
90681, -0.306576, -0.302660
90680, -0.307860, -0.316742
90633, -0.313210, -0.294849
90628, -0.313524, -0.277662
90619, -0.309593, -0.277278
90618, -0.306720, -0.293304
90599, -0.306339, -0.289268
90586, -0.308873, -0.331484
90572, -0.311598, -0.308674
90566, -0.311091, -0.284701
90542, -0.310017, -0.306229
90524, -0.308421, -0.302986
90523, -0.306441, -0.305540
90517, -0.307781, -0.313353
90516, -0.307394, -0.401146
90508, -0.311245, -0.309607
90507, -0.309356, -0.320078
90504, -0.311847, -0.362896
90489, -0.308551, -0.304084
90474, -0.311265, -0.285165
90454, -0.306871, -0.206318
90441, -0.310959, -0.273327
90434, -0.311444, -0.298188
90419, -0.309734, -0.318406
90411, -0.311602, -0.278328
90399, -0.309277, -0.298466
90398, -0.307225, -0.326285
90395, -0.313334, -0.327987
90389, -0.310943, -0.264153
90381, -0.306314, -0.200246
90378, -0.308855, -0.316371
90372, -0.311612, -0.337573
90364, -0.312049, -0.328655
90348, -0.306318, -0.279681
90345, -0.306838, -0.320076
90340, -0.313298, -0.285389
90337, -0.312106, -0.338372
90326, -0.308124, -0.287235
90310, -0.313394, -0.338839
90303, -0.312537, -0.360895
90299, -0.310812, -0.338395
90297, -0.311288, -0.368768
90286, -0.311832, -0.285558
90276, -0.308279, -0.268981
90254, -0.308717, -0.357805
90252, -0.311992, -0.413876
90231, -0.313778, -0.311214
90225, -0.306969, -0.350433
90219, -0.309848, -0.281488
90216, -0.306267, -0.293277
90200, -0.311168, -0.323313
90196, -0.312633, -0.272845
90188, -0.311692, -0.323908
90181, -0.311311, -0.319491
90176, -0.308812, -0.350894
90175, -0.307312, -0.348244
90168, -0.312152, -0.303704
90167, -0.309259, -0.326620
90129, -0.311755, -0.321320
90123, -0.312301, -0.246024
90116, -0.311255, -0.305194
90105, -0.308100, -0.243474
90100, -0.311045, -0.223834
90095, -0.308507, -0.231132
90074, -0.309459, -0.317294
90069, -0.313318, -0.279541
90068, -0.307727, -0.279372
90065, -0.311508, -0.343697
90061, -0.309312, -0.316184
90060, -0.309078, -0.246350
90052, -0.308624, -0.309127
90049, -0.312377, -0.286753
90045, -0.308371, -0.362837
90035, -0.311440, -0.295415
90030, -0.308159, -0.424636
90028, -0.313830, -0.289662
90005, -0.307798, -0.594932
89967, -0.308179, -0.305723
89963, -0.311801, -0.337010
89962, -0.306632, -0.323948
89955, -0.307763, -0.207385
89934, -0.311815, -0.316666
89929, -0.311553, -0.326975
89924, -0.310405, -0.313242
89915, -0.310031, -0.246759
89902, -0.307027, -0.292640
89898, -0.313355, -0.319640
89896, -0.307487, -0.305813
89890, -0.308139, -0.299575
89874, -0.307478, -0.305944
89859, -0.308620, -0.267882
89850, -0.313076, -0.326726
89840, -0.307326, -0.324726
89839, -0.306444, -0.331422
89835, -0.312919, -0.226478
89828, -0.312295, -0.308635
89805, -0.311652, -0.315557
89799, -0.313415, -0.230649
89794, -0.310332, -0.377817
89787, -0.306296, -0.424835
89762, -0.301887, -0.340506
89761, -0.305262, -0.430863
89760, -0.303687, -0.345968
89717, -0.302186, -0.250120
89707, -0.300938, -0.283055
89684, -0.303619, -0.298993
89680, -0.300913, -0.304685
89677, -0.305138, -0.303876
89675, -0.305653, -0.287278
89670, -0.301352, -0.270770
89661, -0.304212, -0.292578
89658, -0.303613, -0.283412
89645, -0.305493, -0.147798
89621, -0.302588, -0.282010
89595, -0.304354, -0.266852
89585, -0.299595, -0.309672
89574, -0.300192, -0.292613
89565, -0.305672, -0.339943
89558, -0.306081, -0.302353
89538, -0.304312, -0.277238
89527, -0.303140, -0.348287
89517, -0.301315, -0.290087
89511, -0.302051, -0.305834
89496, -0.299851, -0.323981
89494, -0.302503, -0.318102
89482, -0.305559, -0.310138
89471, -0.305841, -0.320168
89464, -0.302930, -0.347283
89462, -0.304909, -0.330381
89435, -0.304602, -0.274791
89434, -0.300319, -0.275527
89426, -0.303688, -0.272304
89408, -0.303528, -0.316839
89399, -0.302401, -0.341024
89391, -0.301484, -0.281446
89368, -0.300259, -0.189268
89365, -0.304169, -0.299881
89360, -0.301017, -0.348306
89357, -0.300818, -0.262255
89351, -0.299177, -0.282867
89344, -0.300745, -0.244908
89308, -0.301513, -0.333607
89293, -0.301703, -0.233437
89290, -0.304342, -0.262672
89286, -0.303077, -0.303904
89282, -0.305989, -0.306327
89273, -0.304685, -0.296941
89272, -0.303409, -0.285329
89255, -0.306212, -0.282685
89239, -0.302792, -0.248907
89235, -0.301684, -0.274600
89225, -0.301398, -0.242993
89219, -0.305435, -0.314926
89199, -0.305016, -0.294173
89184, -0.302998, -0.264809
89181, -0.306197, -0.443665
89173, -0.304188, -0.334415
89160, -0.300980, -0.374937
89142, -0.300244, -0.264646
89141, -0.306051, -0.335146
89136, -0.302448, -0.289772
89132, -0.305769, -0.375107
89120, -0.306160, -0.243847
89083, -0.305687, -0.369043
89078, -0.305188, -0.269104
89072, -0.305337, -0.281276
89071, -0.300299, -0.419865
89068, -0.299811, -0.289244
89067, -0.299589, -0.241121
89035, -0.301170, -0.323480
89025, -0.301809, -0.218067
89021, -0.304556, -0.306812
89011, -0.299252, -0.295558
89010, -0.301319, -0.303664
89004, -0.302800, -0.300439
88983, -0.299961, -0.305887
88964, -0.302063, -0.303070
88956, -0.301358, -0.308269
88943, -0.304558, -0.287932
88936, -0.302899, -0.297925
88934, -0.301619, -0.276345
88930, -0.305377, -0.373160
88924, -0.299576, -0.305507
88918, -0.305928, -0.294891
88916, -0.303790, -0.293162
88910, -0.300803, -0.329304
88906, -0.303721, -0.298539
88903, -0.305945, -0.302704
88902, -0.305940, -0.302948
88897, -0.305871, -0.302924
88893, -0.305479, -0.304031
88891, -0.305350, -0.307556
88889, -0.305675, -0.303437
88866, -0.301400, -0.306403
88855, -0.303183, -0.300412
88844, -0.299563, -0.293657
88831, -0.301906, -0.283813
88825, -0.304332, -0.328057
88807, -0.306205, -0.363450
88803, -0.300348, -0.235170
88795, -0.302832, -0.477778
88768, -0.295489, -0.376363
88765, -0.295963, -0.263699
88763, -0.294983, -0.327457
88754, -0.295273, -0.351036
88707, -0.293616, -0.282029
88694, -0.298508, -0.281305
88687, -0.293059, -0.220719
88686, -0.296566, -0.133459
88682, -0.296997, -0.326936
88660, -0.294479, -0.304390
88658, -0.296420, -0.309876
88656, -0.295109, -0.288970
88645, -0.291669, -0.244392
88640, -0.294760, -0.254329
88637, -0.298209, -0.323297
88633, -0.291656, -0.350105
88628, -0.297384, -0.276837
88623, -0.292347, -0.257845
88621, -0.290957, -0.286236
88619, -0.292841, -0.299046
88618, -0.294897, -0.210934
88602, -0.294747, -0.286042
88600, -0.296590, -0.311870
88594, -0.292588, -0.270459
88577, -0.290915, -0.275952
88576, -0.292295, -0.182017
88563, -0.295838, -0.313046
88562, -0.293366, -0.296361
88546, -0.298582, -0.334865
88537, -0.292442, -0.240278
88536, -0.297654, -0.297568
88529, -0.291654, -0.291717
88520, -0.293173, -0.341268
88510, -0.295866, -0.279362
88505, -0.295432, -0.312228
88484, -0.295643, -0.303058
88473, -0.297051, -0.349784
88455, -0.298370, -0.285184
88448, -0.296769, -0.296296
88446, -0.296306, -0.320684
88439, -0.295779, -0.118608
88435, -0.294324, -0.234661
88431, -0.297860, -0.324431
88429, -0.292287, -0.218887
88424, -0.297337, -0.231498
88422, -0.295226, -0.224291
88411, -0.293701, -0.252421
88407, -0.297167, -0.298134
88405, -0.296406, -0.332606
88399, -0.295308, -0.422460
88390, -0.292134, -0.242609
88386, -0.298541, -0.333710
88382, -0.298226, -0.253686
88362, -0.296695, -0.285423
88361, -0.295311, -0.292392
88351, -0.293160, -0.221652
88345, -0.294083, -0.279296
88343, -0.298187, -0.209016
88305, -0.291214, -0.211349
88279, -0.294616, -0.260275
88277, -0.292564, -0.277172
88245, -0.298521, -0.300602
88231, -0.297220, -0.269494
88228, -0.292927, -0.292284
88192, -0.294954, -0.231181
88190, -0.294071, -0.442876
88177, -0.297189, -0.270575
88139, -0.292542, -0.307893
88099, -0.298526, -0.168273
88093, -0.295892, -0.317010
88081, -0.290771, -0.293230
88076, -0.297458, -0.275768
88071, -0.295545, -0.251667
88064, -0.297460, -0.365118
88044, -0.292853, -0.291266
88037, -0.293082, -0.286800
88025, -0.293632, -0.282243
88017, -0.291705, -0.279362
88016, -0.298365, -0.281192
87996, -0.291518, -0.246244
87994, -0.299026, -0.257308
87956, -0.295363, -0.263566
87926, -0.297623, -0.301675
87898, -0.294114, -0.291145
87893, -0.297983, -0.232222
87882, -0.291779, -0.382580
87870, -0.297443, -0.326958
87867, -0.295338, -0.263744
87863, -0.298921, -0.464373
87860, -0.291128, -0.220886
87858, -0.297223, -0.376071
87856, -0.296407, -0.324486
87854, -0.296793, -0.266074
87850, -0.296566, -0.266419
87847, -0.296019, -0.342504
87843, -0.292113, -0.309194
87839, -0.294566, -0.384522
87824, -0.292513, -0.310872
87812, -0.296462, -0.280787
87810, -0.298660, -0.293925
87798, -0.290939, -0.359001
87797, -0.294456, -0.409018
87789, -0.292132, -0.323597
87767, -0.283936, -0.367578
87747, -0.288948, -0.498987
87721, -0.286970, -0.278262
87712, -0.288799, -0.399622
87687, -0.282810, -0.330326
87685, -0.289498, -0.280198
87684, -0.285663, -0.159693
87682, -0.286043, -0.309703
87657, -0.286500, -0.302036
87622, -0.286680, -0.324593
87599, -0.283487, -0.263043
87591, -0.284583, -0.284178
87562, -0.290076, -0.333696
87557, -0.285581, -0.338680
87556, -0.290484, -0.294279
87550, -0.286028, -0.243015
87549, -0.286432, -0.241266
87546, -0.286459, -0.249443
87537, -0.285539, -0.276902
87532, -0.288439, -0.261564
87527, -0.285200, -0.259661
87525, -0.286408, -0.306013
87514, -0.290413, -0.312290
87510, -0.289018, -0.301906
87508, -0.285280, -0.347305
87504, -0.287572, -0.276652
87489, -0.289043, -0.290742
87474, -0.290500, -0.365120
87467, -0.282528, -0.269217
87419, -0.289256, -0.268733
87401, -0.284580, -0.232524
87391, -0.283776, -0.228020
87378, -0.288166, -0.319173
87376, -0.284824, -0.273657
87364, -0.287261, -0.218003
87337, -0.283151, -0.290885
87317, -0.289403, -0.452020
87316, -0.284360, -0.252129
87315, -0.289884, -0.282319
87308, -0.283428, -0.257733
87307, -0.284629, -0.130632
87299, -0.285801, -0.305146
87244, -0.284144, -0.262287
87238, -0.287828, -0.295929
87234, -0.286519, -0.284973
87225, -0.288527, -0.246941
87222, -0.285162, -0.291352
87218, -0.289359, -0.298867
87213, -0.283790, -0.330977
87192, -0.283162, -0.303331
87182, -0.285587, -0.253461
87177, -0.287419, -0.304702
87168, -0.289418, -0.317503
87140, -0.282210, -0.296431
87139, -0.282597, -0.295759
87132, -0.287158, -0.312944
87108, -0.283310, -0.437397
87103, -0.289573, -0.281332
87099, -0.290257, -0.301382
87082, -0.288644, -0.252994
87077, -0.282165, -0.253648
87072, -0.284020, -0.284032
87050, -0.285303, -0.293198
87046, -0.288064, -0.418426
87037, -0.282538, -0.259226
87034, -0.285717, -0.272336
87028, -0.289577, -0.311228
87021, -0.282579, -0.283056
87018, -0.289037, -0.268167
87013, -0.288091, -0.336949
87012, -0.289551, -0.189179
86991, -0.288110, -0.374903
86962, -0.287883, -0.284272
86955, -0.286620, -0.284360
86944, -0.287573, -0.286993
86943, -0.288079, -0.285821
86931, -0.287648, -0.280044
86916, -0.290280, -0.322246
86901, -0.289589, -0.281252
86880, -0.290076, -0.289419
86877, -0.284413, -0.070076
86873, -0.283336, -0.297169
86866, -0.287958, -0.373964
86865, -0.283951, -0.312390
86862, -0.287020, -0.251824
86849, -0.290268, -0.242108
86824, -0.282544, -0.262901
86804, -0.289279, -0.429231
86796, -0.288708, -0.168142
86776, -0.278007, -0.294784
86768, -0.279514, -0.344765
86763, -0.279695, -0.313371
86758, -0.279525, -0.236239
86750, -0.279757, -0.290941
86730, -0.281001, -0.220090
86718, -0.282098, -0.315944
86708, -0.279648, -0.385815
86707, -0.277601, -0.251350
86705, -0.281509, -0.228686
86701, -0.276636, -0.252794
86680, -0.278285, -0.276082
86678, -0.277724, -0.276358
86653, -0.274591, -0.302301
86621, -0.279275, -0.261831
86617, -0.276259, -0.294848
86597, -0.281486, -0.292438
86585, -0.280608, -0.284790
86573, -0.279120, -0.245751
86571, -0.276536, -0.263771
86570, -0.276772, -0.270068
86567, -0.279391, -0.241599
86565, -0.279832, -0.328585
86564, -0.278719, -0.269981
86563, -0.277187, -0.319122
86560, -0.279938, -0.264687
86548, -0.275434, -0.248975
86531, -0.276104, -0.277391
86527, -0.278587, -0.200992
86522, -0.281889, -0.357927
86500, -0.276131, -0.252220
86499, -0.279269, -0.371798
86494, -0.280233, -0.277258
86485, -0.274631, -0.249994
86474, -0.280077, -0.289970
86454, -0.278182, -0.284127
86451, -0.278653, -0.321147
86431, -0.277706, -0.281578
86419, -0.274529, -0.138843
86396, -0.276213, -0.280918
86393, -0.279742, -0.309966
86378, -0.276999, -0.242347
86370, -0.274407, -0.275064
86365, -0.275451, -0.173749
86360, -0.276120, -0.103811
86354, -0.275432, -0.203731
86335, -0.281871, -0.290021
86319, -0.274925, -0.286978
86313, -0.280590, -0.290731
86292, -0.274407, -0.281698
86283, -0.281086, -0.300736
86282, -0.280706, -0.277578
86279, -0.279006, -0.220479
86275, -0.277310, -0.246386
86254, -0.278448, -0.236085
86248, -0.274420, -0.249210
86246, -0.274903, -0.274276
86239, -0.280184, -0.331526
86225, -0.275397, -0.269575
86218, -0.275033, -0.274889
86215, -0.281534, -0.243889
86210, -0.275294, -0.299900
86205, -0.274808, -0.103713
86193, -0.279889, -0.258204
86186, -0.277806, -0.310795
86185, -0.279396, -0.207318
86162, -0.279654, -0.298336
86148, -0.275597, -0.386370
86146, -0.275277, -0.275284
86124, -0.278767, -0.330013
86107, -0.276502, -0.260496
86094, -0.282155, -0.243445
86091, -0.281278, -0.290558
86068, -0.282161, -0.340480
86051, -0.278072, -0.272485
86035, -0.276291, -0.187650
86028, -0.280541, -0.336371
86024, -0.278314, -0.326679
85995, -0.277459, -0.276253
85994, -0.278424, -0.275609
85979, -0.275252, -0.287197
85977, -0.281491, -0.284660
85974, -0.275315, -0.290230
85962, -0.275242, -0.285823
85960, -0.280089, -0.279500
85959, -0.281108, -0.282549
85946, -0.276157, -0.280016
85932, -0.275320, -0.281865
85922, -0.275655, -0.284125
85891, -0.276896, -0.256847
85885, -0.280999, -0.430487
85879, -0.281827, -0.305569
85862, -0.277160, -0.398300
85860, -0.281674, -0.343082
85856, -0.275211, -0.215774
85855, -0.278542, -0.341620
85816, -0.281527, -0.298679
85808, -0.276427, -0.277430
85789, -0.269079, -0.285488
85788, -0.268899, -0.267843
85787, -0.271783, -0.279391
85773, -0.269183, -0.273319
85769, -0.273338, -0.213334
85760, -0.273479, -0.230447
85758, -0.274339, -0.495638
85753, -0.274223, -0.385737
85730, -0.272594, -0.251934
85726, -0.266165, -0.248875
85710, -0.273536, -0.289456
85692, -0.272565, -0.272968
85690, -0.271566, -0.250863
85689, -0.268654, -0.226710
85679, -0.267256, -0.270207
85676, -0.266450, -0.270176
85671, -0.273825, -0.284553
85670, -0.267703, -0.267554
85668, -0.269530, -0.224028
85662, -0.269018, -0.273506
85645, -0.272857, -0.286365
85639, -0.272097, -0.275212
85618, -0.269932, -0.282390
85616, -0.273856, -0.263586
85613, -0.267378, -0.278331
85587, -0.271521, -0.270482
85580, -0.267164, -0.274222
85579, -0.273025, -0.255220
85578, -0.272569, -0.279289
85577, -0.272155, -0.250023
85573, -0.272913, -0.267241
85569, -0.273250, -0.260279
85556, -0.270568, -0.265681
85554, -0.271342, -0.254747
85536, -0.271216, -0.261131
85532, -0.270211, -0.301805
85531, -0.270085, -0.248710
85530, -0.268802, -0.251255
85529, -0.270706, -0.260950
85516, -0.273288, -0.287004
85515, -0.271795, -0.277694
85509, -0.267304, -0.285363
85504, -0.270865, -0.282841
85496, -0.272850, -0.325132
85490, -0.270885, -0.266671
85473, -0.267803, -0.263088
85470, -0.270575, -0.253625
85464, -0.270992, -0.249934
85463, -0.266633, -0.265171
85453, -0.272754, -0.270335
85449, -0.268232, -0.098509
85439, -0.269057, -0.376643
85435, -0.266576, -0.229573
85426, -0.267859, -0.272577
85407, -0.266390, -0.229269
85398, -0.273081, -0.358462
85392, -0.270518, -0.259488
85352, -0.270563, -0.275519
85348, -0.269053, -0.233960
85342, -0.272293, -0.224427
85333, -0.272097, -0.355834
85327, -0.272825, -0.270985
85325, -0.269992, -0.195153
85321, -0.274127, -0.095214
85295, -0.266854, -0.238689
85293, -0.268699, -0.243130
85276, -0.272485, -0.112773
85256, -0.270318, -0.200806
85255, -0.269962, -0.295175
85254, -0.270680, -0.245367
85247, -0.272692, -0.267259
85237, -0.273531, -0.268126
85233, -0.270857, -0.203991
85217, -0.266439, -0.096007
85200, -0.273080, -0.258658
85175, -0.266475, -0.366476
85167, -0.266504, -0.212750
85153, -0.271844, -0.229835
85123, -0.274144, -0.356881
85122, -0.270240, -0.255302
85116, -0.271758, -0.265382
85106, -0.271743, -0.310218
85105, -0.269522, -0.249191
85103, -0.273221, -0.190278
85099, -0.271377, -0.313442
85096, -0.268490, -0.334352
85094, -0.267549, -0.216142
85072, -0.267149, -0.222454
85056, -0.269312, -0.248860
85043, -0.271899, -0.229898
85039, -0.271607, -0.253470
85028, -0.270385, -0.209346
85017, -0.266167, -0.544416
85015, -0.266934, -0.373160
84966, -0.274247, -0.279537
84958, -0.267656, -0.267398
84946, -0.269615, -0.269873
84916, -0.268875, -0.300213
84911, -0.272108, -0.265038
84905, -0.266211, -0.167891
84893, -0.268423, -0.284036
84878, -0.273835, -0.148592
84871, -0.269903, -0.336155
84851, -0.273056, -0.302873
84822, -0.268517, -0.344258
84802, -0.266735, -0.712380
84792, -0.265424, -0.241687
84779, -0.265243, -0.346220
84770, -0.258281, -0.308230
84751, -0.260545, -0.242428
84740, -0.257152, -0.219828
84735, -0.264248, -0.248837
84733, -0.263373, -0.248895
84692, -0.262150, -0.247892
84690, -0.262207, -0.323218
84672, -0.262756, -0.280492
84664, -0.262544, -0.305890
84647, -0.257733, -0.215695
84630, -0.264737, -0.309792
84620, -0.260971, -0.270959
84614, -0.265925, -0.234602
84604, -0.258478, -0.237417
84600, -0.261498, -0.270525
84598, -0.263661, -0.219018
84597, -0.261162, -0.244121
84594, -0.264856, -0.243050
84588, -0.262987, -0.271281
84576, -0.264131, -0.229124
84569, -0.263126, -0.262545
84567, -0.262173, -0.244500
84558, -0.262826, -0.223205
84546, -0.258462, -0.228631
84543, -0.264934, -0.276491
84534, -0.258460, -0.320787
84530, -0.264243, -0.181647
84523, -0.262807, -0.438994
84504, -0.261076, -0.283976
84502, -0.263642, -0.263955
84491, -0.262596, -0.244314
84490, -0.264416, -0.234360
84487, -0.265176, -0.270678
84478, -0.257874, -0.109361
84475, -0.260278, -0.305967
84462, -0.257494, -0.208486
84451, -0.265391, -0.273662
84442, -0.257207, -0.243273
84437, -0.263532, -0.216103
84424, -0.265188, -0.237808
84401, -0.262598, -0.273827
84393, -0.258236, -0.304505
84390, -0.262416, -0.266324
84383, -0.263835, -0.257390
84380, -0.257915, -0.162009
84379, -0.260370, -0.278544
84366, -0.257900, -0.254615
84351, -0.257363, -0.230529
84350, -0.260661, -0.271600
84327, -0.261294, -0.238193
84307, -0.262896, -0.230011
84305, -0.261711, -0.225007
84252, -0.260175, -0.242264
84241, -0.259450, -0.265667
84238, -0.258074, -0.249277
84228, -0.262203, -0.363630
84225, -0.261048, -0.202268
84222, -0.260592, -0.240245
84192, -0.258268, -0.224530
84189, -0.259452, -0.239993
84164, -0.263570, -0.236062
84160, -0.265420, -0.291265
84146, -0.262021, -0.476641
84139, -0.262165, -0.241771
84136, -0.257113, -0.240647
84092, -0.265602, -0.329003
84076, -0.262542, -0.312277
84072, -0.256996, -0.222256
84051, -0.262592, -0.294039
84050, -0.262783, -0.193887
84040, -0.261635, -0.219058
84036, -0.262022, -0.123014
84032, -0.256931, -0.160439
84029, -0.262617, -0.248619
84022, -0.260735, -0.298272
84012, -0.262544, -0.208984
84004, -0.260359, -0.378336
83985, -0.264072, -0.338294
83984, -0.261947, -0.252829
83964, -0.264652, -0.263680
83950, -0.257673, -0.255964
83944, -0.265121, -0.257974
83942, -0.262141, -0.269840
83916, -0.258675, -0.172627
83911, -0.259882, -0.265291
83899, -0.264845, -0.250816
83888, -0.259207, -0.267324
83880, -0.264887, -0.224946
83873, -0.264453, -0.188392
83869, -0.258596, -0.333742
83868, -0.263293, -0.339847
83865, -0.262677, -0.309894
83863, -0.264551, -0.267340
83860, -0.263152, -0.285789
83830, -0.264650, -0.297581
83819, -0.263728, -0.305562
83801, -0.258829, -0.214164
83775, -0.256089, -0.297140
83772, -0.256726, -0.280236
83760, -0.250599, -0.110364
83752, -0.251838, -0.273432
83750, -0.255368, -0.239948
83739, -0.254373, -0.267628
83721, -0.254002, -0.249816
83716, -0.250220, -0.264935
83696, -0.253204, -0.247662
83689, -0.255752, -0.159231
83685, -0.249666, -0.249483
83679, -0.253097, -0.254977
83657, -0.252109, -0.209642
83646, -0.252581, -0.296300
83639, -0.250966, -0.234060
83635, -0.254510, -0.254474
83634, -0.249259, -0.223238
83623, -0.252377, -0.278354
83616, -0.254812, -0.215804
83572, -0.251849, -0.279950
83569, -0.254292, -0.249354
83561, -0.249617, -0.238061
83559, -0.251148, -0.215507
83554, -0.250913, -0.234099
83548, -0.254131, -0.242858
83546, -0.256382, -0.208067
83533, -0.251705, -0.243156
83522, -0.252634, -0.285382
83510, -0.253089, -0.251394
83487, -0.251842, -0.244261
83482, -0.255706, -0.275290
83467, -0.253573, -0.187354
83462, -0.256301, -0.280482
83445, -0.254637, -0.237608
83441, -0.256627, -0.224038
83433, -0.251563, -0.309824
83415, -0.252555, -0.257155
83411, -0.256729, -0.273467
83408, -0.250069, -0.199888
83387, -0.250009, -0.235107
83380, -0.256636, -0.294581
83370, -0.256065, -0.222493
83362, -0.248908, -0.210556
83353, -0.255141, -0.263331
83338, -0.251478, -0.317891
83334, -0.252801, -0.297248
83331, -0.251455, -0.226815
83320, -0.250229, -0.239601
83313, -0.250526, -0.336430
83301, -0.253895, -0.256368
83286, -0.254272, -0.231711
83281, -0.251236, -0.217889
83254, -0.252330, -0.298006
83242, -0.253435, -0.262514
83232, -0.251182, -0.238486
83221, -0.251628, -0.244930
83210, -0.250550, -0.256968
83195, -0.250120, -0.205949
83169, -0.254273, -0.220250
83153, -0.254376, -0.252915
83146, -0.253905, -0.289485
83141, -0.253166, -0.374529
83122, -0.251981, -0.319516
83102, -0.251994, -0.331401
83101, -0.251526, -0.232266
83100, -0.253476, -0.233577
83097, -0.252254, -0.255237
83086, -0.253155, -0.363893
83075, -0.255168, -0.236892
83060, -0.251256, -0.175345
83057, -0.250228, -0.172849
83056, -0.252375, -0.257633
83049, -0.253661, -0.162173
83033, -0.251305, -0.204306
83029, -0.252013, -0.214840
83011, -0.256773, -0.425885
83010, -0.252269, -0.358009
83004, -0.255729, -0.303170
83003, -0.256110, -0.236988
83001, -0.251705, -0.235977
82997, -0.254014, -0.385345
82995, -0.250766, -0.169673
82989, -0.253969, -0.402350
82979, -0.251097, -0.247776
82971, -0.250120, -0.262642
82947, -0.251177, -0.252626
82941, -0.256485, -0.258611
82940, -0.256793, -0.254451
82924, -0.249620, -0.084474
82919, -0.252820, -0.226701
82911, -0.250976, -0.171370
82909, -0.249006, -0.260385
82899, -0.249020, -0.204725
82882, -0.249630, -0.321964
82869, -0.248875, -0.233795
82846, -0.254101, -0.268211
82834, -0.253392, -0.238611
82825, -0.255323, -0.292757
82813, -0.254339, -0.199295
82809, -0.250329, -0.258057
82805, -0.250452, -0.254482
82801, -0.249969, -0.213194
82761, -0.244527, -0.235316
82732, -0.242835, -0.252877
82729, -0.248273, -0.258674
82723, -0.240342, -0.241277
82719, -0.241552, -0.236662
82716, -0.245946, -0.265598
82715, -0.240408, -0.231067
82702, -0.243251, -0.202073
82698, -0.240570, -0.252021
82694, -0.244396, -0.212253
82687, -0.247995, -0.288128
82677, -0.240759, -0.207419
82659, -0.245243, -0.228013
82658, -0.247172, -0.274336
82650, -0.245803, -0.254620
82639, -0.240656, -0.233855
82637, -0.244582, -0.294299
82626, -0.243218, -0.232753
82623, -0.248192, -0.441135
82622, -0.245081, -0.240824
82621, -0.247871, -0.236686
82605, -0.247879, -0.201398
82602, -0.248441, -0.238027
82601, -0.247694, -0.190949
82598, -0.245248, -0.215547
82588, -0.243208, -0.295023
82578, -0.247533, -0.380903
82571, -0.246255, -0.282466
82567, -0.245857, -0.191760
82565, -0.244118, -0.250295
82545, -0.248073, -0.261502
82541, -0.248788, -0.166245
82525, -0.246896, -0.166383
82509, -0.246160, -0.281559
82506, -0.243591, -0.351396
82502, -0.243231, -0.246311
82493, -0.248136, -0.261486
82490, -0.248575, -0.197446
82486, -0.247759, -0.170020
82472, -0.248218, -0.225399
82470, -0.244968, -0.341475
82454, -0.243258, -0.299061
82447, -0.246509, -0.271283
82435, -0.242706, -0.240805
82419, -0.240257, -0.294995
82416, -0.242333, -0.311676
82406, -0.247021, -0.185050
82391, -0.247649, -0.280331
82381, -0.248777, -0.121179
82371, -0.243794, -0.264084
82362, -0.244153, -0.191622
82357, -0.246851, -0.142659
82335, -0.246484, -0.253146
82321, -0.247740, -0.244251
82318, -0.240597, -0.280209
82313, -0.243572, -0.287312
82301, -0.244740, -0.174502
82299, -0.240459, -0.232908
82270, -0.244966, -0.185253
82262, -0.240261, -0.439349
82257, -0.240596, -0.213994
82244, -0.244641, -0.181902
82224, -0.245065, -0.162991
82223, -0.242219, -0.187250
82220, -0.245534, -0.180335
82196, -0.242656, -0.239943
82172, -0.243020, -0.348824
82167, -0.247050, -0.239628
82160, -0.243809, -0.222043
82141, -0.245485, -0.337474
82136, -0.243383, -0.233239
82130, -0.246125, -0.373563
82125, -0.241035, -0.211321
82110, -0.246362, -0.245212
82072, -0.246258, -0.222033
82066, -0.248824, -0.246880
82052, -0.241711, -0.425909
82048, -0.242428, -0.206821
82032, -0.240495, -0.231472
82018, -0.243719, -0.242829
82013, -0.242336, -0.247239
82001, -0.242633, -0.243483
81998, -0.243276, -0.241212
81994, -0.242970, -0.241161
81982, -0.241686, -0.239202
81980, -0.243546, -0.242010
81979, -0.242783, -0.238508
81969, -0.241880, -0.239018
81962, -0.242316, -0.246265
81960, -0.245268, -0.246615
81955, -0.246980, -0.254035
81952, -0.245052, -0.243641
81949, -0.247815, -0.250459
81934, -0.247057, -0.258829
81933, -0.247970, -0.244270
81930, -0.248565, -0.260303
81927, -0.243898, -0.258173
81925, -0.240733, -0.254129
81905, -0.241765, -0.178048
81897, -0.242342, -0.279129
81890, -0.244438, -0.204117
81888, -0.245362, -0.234646
81883, -0.240899, -0.314193
81879, -0.243526, -0.247244
81866, -0.248695, -0.188029
81864, -0.244562, -0.193446
81861, -0.248136, -0.292686
81857, -0.241773, -0.191330
81839, -0.245715, -0.316842
81837, -0.240209, -0.281393
81833, -0.245307, -0.381003
81829, -0.246839, -0.252130
81816, -0.246446, -0.245124
81811, -0.246237, -0.228018
81805, -0.243543, -0.231424
81798, -0.237288, -0.216693
81797, -0.234002, -0.243754
81787, -0.233367, -0.355188
81780, -0.237288, -0.160927
81774, -0.239585, -0.231398
81757, -0.237845, -0.230039
81746, -0.235985, -0.237743
81737, -0.239034, -0.229527
81725, -0.236392, -0.232945
81722, -0.236329, -0.236946
81718, -0.234958, -0.315379
81709, -0.238984, -0.216768
81671, -0.233282, -0.198720
81654, -0.233910, -0.236139
81651, -0.235172, -0.223829
81644, -0.231844, -0.218027
81639, -0.239585, -0.223025
81637, -0.233497, -0.189941
81631, -0.239144, -0.294609
81627, -0.235214, -0.225346
81615, -0.237149, -0.246120
81614, -0.235207, -0.221668
81598, -0.240146, -0.235005
81597, -0.237615, -0.260153
81584, -0.235709, -0.230590
81573, -0.236530, -0.227901
81555, -0.232756, -0.220897
81548, -0.238363, -0.231954
81526, -0.232653, -0.291684
81496, -0.238208, -0.221987
81488, -0.238755, -0.200178
81487, -0.233969, -0.162839
81476, -0.237031, -0.283211
81475, -0.237856, -0.276462
81469, -0.236540, -0.113635
81450, -0.233764, -0.206121
81431, -0.237014, -0.160528
81430, -0.232886, -0.255273
81428, -0.234978, -0.147762
81421, -0.234383, -0.191038
81392, -0.235970, -0.203982
81380, -0.238981, -0.210744
81368, -0.238772, -0.281651
81337, -0.235156, -0.162246
81321, -0.234984, -0.126404
81312, -0.236292, -0.234919
81301, -0.235328, -0.192346
81294, -0.232152, -0.158415
81269, -0.234884, -0.334045
81246, -0.235035, -0.533593
81243, -0.238867, -0.290473
81241, -0.237382, -0.346412
81237, -0.236253, -0.221792
81236, -0.232991, -0.243387
81225, -0.236903, -0.152268
81215, -0.233351, -0.236662
81201, -0.234105, -0.386840
81188, -0.235083, -0.226889
81175, -0.239616, -0.475547
81156, -0.235965, -0.234897
81126, -0.239648, -0.132330
81094, -0.232094, -0.315332
81092, -0.238939, -0.254436
81089, -0.239821, -0.222965
81084, -0.234692, -0.237063
81071, -0.234788, -0.239078
81052, -0.232995, -0.241847
81044, -0.236436, -0.237307
81035, -0.238914, -0.245752
81028, -0.235132, -0.249034
81013, -0.235402, -0.228948
80977, -0.236603, -0.242518
80976, -0.236246, -0.243702
80974, -0.233121, -0.229909
80972, -0.233339, -0.231033
80970, -0.233868, -0.232325
80957, -0.237104, -0.261265
80943, -0.238602, -0.252245
80930, -0.231991, -0.264671
80923, -0.234705, -0.248577
80911, -0.237744, -0.274480
80907, -0.237038, -0.175237
80890, -0.234229, -0.071268
80867, -0.236657, -0.276356
80855, -0.233822, -0.300580
80854, -0.236901, -0.202055
80847, -0.233843, -0.246710
80830, -0.239302, -0.252954
80827, -0.232856, -0.269984
80811, -0.235339, -0.254285
80805, -0.228645, -0.213084
80800, -0.227218, -0.326681
80772, -0.225805, -0.369446
80765, -0.227380, -0.203659
80759, -0.226263, -0.201913
80750, -0.229631, -0.277490
80748, -0.225733, -0.194833
80746, -0.225815, -0.233024
80744, -0.226404, -0.241511
80737, -0.226736, -0.222923
80734, -0.228154, -0.229864
80731, -0.229889, -0.202456
80702, -0.227536, -0.238841
80694, -0.229786, -0.165722
80689, -0.228868, -0.199791
80686, -0.227818, -0.243077
80685, -0.226907, -0.199975
80680, -0.227744, -0.246788
80647, -0.227898, -0.241340
80621, -0.228425, -0.059995
80620, -0.225795, -0.155700
80617, -0.229352, -0.267210
80605, -0.228029, -0.249522
80593, -0.225702, -0.265020
80592, -0.229690, -0.224937
80585, -0.227287, -0.219007
80566, -0.231229, -0.246420
80561, -0.227788, -0.234298
80555, -0.229121, -0.331856
80545, -0.227018, -0.200589
80534, -0.230651, -0.140639
80531, -0.226000, -0.323077
80530, -0.226972, -0.207574
80529, -0.230086, -0.218422
80507, -0.226897, -0.190774
80497, -0.227016, 0.021717
80495, -0.227199, -0.152439
80477, -0.227402, -0.159578
80470, -0.230875, -0.256564
80468, -0.229390, -0.177092
80452, -0.227915, -0.190177
80411, -0.227609, -0.207162
80402, -0.227420, -0.137104
80399, -0.228925, -0.190781
80394, -0.230137, -0.211525
80348, -0.229231, -0.355736
80347, -0.226517, -0.376305
80345, -0.230387, -0.354016
80315, -0.228513, -0.242905
80314, -0.229174, -0.178579
80311, -0.228876, -0.215848
80303, -0.230139, -0.188100
80300, -0.229389, -0.169441
80286, -0.225528, -0.206877
80282, -0.231201, -0.177680
80275, -0.231459, -0.165263
80261, -0.229882, -0.147126
80242, -0.228197, -0.160658
80207, -0.226321, -0.227819
80206, -0.225867, -0.232189
80194, -0.227144, -0.225066
80180, -0.226969, -0.224681
80166, -0.227498, -0.224303
80162, -0.226408, -0.223353
80160, -0.226985, -0.224402
80159, -0.226521, -0.225046
80146, -0.227124, -0.218363
80143, -0.227880, -0.228590
80136, -0.228228, -0.226961
80122, -0.227938, -0.224572
80113, -0.226337, -0.228286
80112, -0.227865, -0.224463
80096, -0.225998, -0.225178
80092, -0.226311, -0.228330
80081, -0.225790, -0.229346
80074, -0.229020, -0.221867
80065, -0.225978, -0.223897
80055, -0.228933, -0.243893
80051, -0.230816, -0.239489
80045, -0.230989, -0.236982
80030, -0.226159, -0.251556
80020, -0.231661, -0.246952
80012, -0.230414, -0.231786
80011, -0.227741, -0.246385
80009, -0.226709, -0.250706
80007, -0.226170, -0.256719
80004, -0.226540, -0.247721
79995, -0.229713, -0.224662
79990, -0.225751, -0.228285
79981, -0.230575, -0.232436
79972, -0.225469, -0.237071
79957, -0.227200, -0.237812
79937, -0.228218, -0.247225
79926, -0.227835, -0.316669
79925, -0.230606, -0.241870
79922, -0.228847, -0.237943
79896, -0.230822, -0.227684
79885, -0.229330, -0.175041
79878, -0.225655, -0.224649
79877, -0.225567, -0.231462
79859, -0.230757, -0.219412
79843, -0.230883, -0.219668
79834, -0.228670, -0.329248
79827, -0.226441, -0.238946
79823, -0.226041, -0.238888
79822, -0.226981, -0.285934
79816, -0.229646, -0.448541
79812, -0.226382, -0.187329
79811, -0.230114, -0.230844
79799, -0.223778, -0.350784
79778, -0.224748, -0.268915
79773, -0.222828, -0.222634
79729, -0.221791, -0.177630
79723, -0.223704, -0.347151
79715, -0.219968, -0.215923
79689, -0.222185, -0.251092
79688, -0.221053, -0.264668
79685, -0.222452, -0.221287
79677, -0.221298, -0.213005
79675, -0.220254, -0.194202
79659, -0.223048, -0.230961
79640, -0.221913, -0.205782
79621, -0.219624, -0.134879
79612, -0.224881, -0.224415
79610, -0.219872, -0.167363
79598, -0.223286, -0.230652
79593, -0.222997, -0.149571
79583, -0.224028, -0.245698
79578, -0.222002, -0.183648
79572, -0.224622, -0.101747
79566, -0.220141, 0.050022
79557, -0.219975, -0.200903
79546, -0.220312, -0.160765
79540, -0.225160, -0.169956
79539, -0.223634, -0.192922
79521, -0.224651, -0.233034
79516, -0.220525, -0.378956
79509, -0.222019, -0.148153
79508, -0.224470, -0.285531
79506, -0.223433, -0.223415
79499, -0.220367, -0.252136
79487, -0.225077, -0.147379
79474, -0.223109, -0.223867
79469, -0.222362, -0.183129
79445, -0.223508, -0.217114
79436, -0.220110, -0.211484
79427, -0.223011, -0.219915
79424, -0.221349, -0.244771
79423, -0.221562, -0.293300
79398, -0.223297, -0.220095
79387, -0.224254, -0.272806
79386, -0.222092, -0.263957
79374, -0.224465, -0.265390
79365, -0.220652, -0.358271
79364, -0.221848, -0.224112
79349, -0.220817, -0.303423
79344, -0.223083, -0.229305
79340, -0.221184, -0.250272
79333, -0.222414, -0.135765
79294, -0.220503, -0.264906
79264, -0.222637, -0.374375
79256, -0.219646, -0.282801
79254, -0.220643, -0.239481
79248, -0.224561, -0.234155
79244, -0.222995, -0.210013
79236, -0.220479, -0.222618
79230, -0.219801, -0.226193
79222, -0.224927, -0.230074
79185, -0.224328, -0.225669
79162, -0.225306, -0.224457
79150, -0.223863, -0.224376
79138, -0.222395, -0.228559
79130, -0.219670, -0.217318
79120, -0.224337, -0.226907
79113, -0.223867, -0.227291
79111, -0.224899, -0.227489
79092, -0.224300, -0.228404
79089, -0.223092, -0.223913
79069, -0.221647, -0.228035
79068, -0.222923, -0.214229
79010, -0.221518, -0.227686
78990, -0.220624, -0.243813
78972, -0.222924, -0.225234
78968, -0.219657, -0.236072
78959, -0.221140, -0.237618
78940, -0.222272, -0.238284
78934, -0.222772, -0.209325
78924, -0.220686, -0.185690
78923, -0.219693, -0.202257
78896, -0.224342, -0.226007
78891, -0.222568, -0.225033
78880, -0.222993, -0.230069
78879, -0.220193, -0.220597
78872, -0.220580, -0.219388
78857, -0.222268, -0.212350
78856, -0.221908, -0.206948
78848, -0.224247, -0.321719
78845, -0.224540, -0.141887
78834, -0.225317, -0.285361
78811, -0.216753, -0.160884
78786, -0.213653, -0.246550
78778, -0.215968, -0.382325
78771, -0.219513, -0.241986
78768, -0.219251, -0.095569
78766, -0.216567, -0.219224
78764, -0.214047, -0.244552
78748, -0.217897, -0.297740
78738, -0.219398, -0.202624
78736, -0.218443, -0.198218
78735, -0.214107, -0.180415
78694, -0.216840, -0.164930
78689, -0.215879, -0.271915
78665, -0.214860, -0.198269
78656, -0.217603, -0.163957
78651, -0.215727, -0.184093
78643, -0.212930, -0.259456
78641, -0.219064, -0.173638
78632, -0.215349, -0.249838
78622, -0.215398, -0.177670
78616, -0.217069, -0.182210
78615, -0.218492, -0.197304
78595, -0.216719, -0.230071
78583, -0.219527, -0.185266
78578, -0.218188, -0.251696
78566, -0.212847, -0.387363
78553, -0.216283, -0.247697
78546, -0.215706, -0.189163
78537, -0.218087, -0.200849
78531, -0.215760, -0.382824
78527, -0.215913, -0.263905
78493, -0.215099, -0.079174
78484, -0.218568, 0.024910
78471, -0.213190, -0.205097
78468, -0.217252, -0.263312
78464, -0.213196, -0.242630
78453, -0.213401, -0.283314
78450, -0.215718, -0.206932
78449, -0.215480, -0.381547
78432, -0.216881, -0.277621
78409, -0.216838, -0.303227
78389, -0.219422, -0.157234
78384, -0.217246, -0.150290
78370, -0.214067, -0.216219
78318, -0.215976, -0.171935
78292, -0.214854, -0.098066
78289, -0.218612, -0.198778
78287, -0.212750, -0.296855
78258, -0.215053, -0.204991
78234, -0.218657, -0.188932
78232, -0.214782, -0.167277
78225, -0.216730, -0.474363
78216, -0.213219, -0.307807
78212, -0.214341, -0.140456
78204, -0.218515, -0.252270
78203, -0.219176, -0.249965
78199, -0.219405, -0.218421
78159, -0.215247, -0.233588
78152, -0.218441, -0.230301
78149, -0.214161, -0.232672
78140, -0.214582, -0.230374
78138, -0.215226, -0.226304
78134, -0.214579, -0.231199
78133, -0.217277, -0.221987
78117, -0.213725, -0.229665
78094, -0.219034, -0.224945
78091, -0.219504, -0.227835
78086, -0.219227, -0.227408
78081, -0.215205, -0.230401
78079, -0.214572, -0.234684
78067, -0.217030, -0.229169
78038, -0.217884, -0.235328
78035, -0.217456, -0.215772
78025, -0.217481, -0.230737
78024, -0.215183, -0.172611
78023, -0.215180, -0.153709
78022, -0.218254, -0.161820
78004, -0.215399, -0.226701
77977, -0.217135, -0.215434
77974, -0.216813, -0.220181
77967, -0.219484, -0.228770
77966, -0.214844, -0.222034
77938, -0.218712, -0.220465
77931, -0.214734, -0.221039
77893, -0.214132, -0.224159
77860, -0.216372, -0.173069
77853, -0.219533, -0.218708
77843, -0.215363, -0.268023
77839, -0.213927, -0.247689
77838, -0.214226, -0.298928
77829, -0.212891, -0.258511
77819, -0.213508, -0.027303
77818, -0.215388, -0.169420
77806, -0.205100, -0.232242
77791, -0.211709, -0.207953
77790, -0.205341, -0.176103
77789, -0.204147, -0.165701
77766, -0.207521, -0.242296
77765, -0.210669, -0.197867
77756, -0.210140, -0.199622
77753, -0.211527, -0.227494
77738, -0.211621, -0.209694
77727, -0.210394, -0.286429
77716, -0.205784, -0.256411
77712, -0.212650, -0.208706
77700, -0.208538, -0.156145
77687, -0.207766, -0.187042
77663, -0.205681, -0.199281
77660, -0.206976, -0.222699
77652, -0.211417, -0.209366
77645, -0.208288, -0.206694
77639, -0.210620, -0.206897
77631, -0.205747, -0.244071
77625, -0.208803, -0.217594
77624, -0.210037, -0.273760
77621, -0.209212, -0.173918
77600, -0.209077, -0.223236
77585, -0.206249, -0.297514
77574, -0.206731, -0.179752
77563, -0.207380, -0.213147
77559, -0.207334, -0.241394
77543, -0.208545, -0.089817
77536, -0.207437, -0.196390
77523, -0.210712, -0.245871
77519, -0.207501, -0.146238
77516, -0.207736, -0.203973
77481, -0.206567, -0.171766
77462, -0.209892, -0.247992
77458, -0.205757, -0.177050
77453, -0.210216, -0.166068
77439, -0.205822, -0.275605
77427, -0.204913, -0.157857
77418, -0.205182, -0.360660
77405, -0.211614, -0.260839
77404, -0.204738, -0.215156
77400, -0.204262, -0.217210
77388, -0.203671, -0.215772
77382, -0.207432, -0.156745
77368, -0.206729, -0.320321
77351, -0.208236, -0.156213
77350, -0.208497, -0.156206
77348, -0.204189, -0.201773
77346, -0.212049, -0.311248
77342, -0.211605, -0.235823
77340, -0.205499, -0.190208
77338, -0.210682, -0.235276
77336, -0.209774, -0.231074
77334, -0.209788, -0.220541
77318, -0.206432, -0.135544
77317, -0.212170, -0.191200
77313, -0.205810, -0.167706
77308, -0.208388, -0.232492
77294, -0.211680, -0.264238
77288, -0.207373, -0.199733
77286, -0.212629, -0.184387
77273, -0.209258, -0.226194
77263, -0.207327, -0.248547
77259, -0.210773, -0.183052
77247, -0.211695, -0.219196
77246, -0.212332, -0.184821
77224, -0.204819, -0.223377
77205, -0.203652, -0.268875
77198, -0.204683, -0.233242
77192, -0.203448, -0.233519
77191, -0.211374, -0.350630
77170, -0.206863, -0.390522
77169, -0.207378, -0.156680
77167, -0.204031, -0.212332
77165, -0.208703, -0.209628
77156, -0.211936, -0.206649
77143, -0.204086, -0.188672
77112, -0.207771, -0.220298
77080, -0.206209, -0.218589
77060, -0.205602, -0.249243
77056, -0.206996, -0.361709
77015, -0.209162, -0.211985
77002, -0.204566, -0.179017
76998, -0.205036, -0.250827
76972, -0.208015, -0.216296
76967, -0.209794, -0.240664
76966, -0.205380, -0.204493
76947, -0.212237, -0.141320
76937, -0.207338, -0.156673
76936, -0.207797, -0.223275
76923, -0.206883, -0.184651
76893, -0.207677, -0.362927
76887, -0.206385, -0.197042
76871, -0.206738, -0.258896
76867, -0.203715, -0.256340
76864, -0.206067, -0.330169
76860, -0.205654, -0.235886
76853, -0.211614, -0.203110
76849, -0.204635, -0.298876
76847, -0.210910, -0.259936
76826, -0.204588, -0.092356
76818, -0.204065, -0.186323
76816, -0.206393, 0.097705
76805, -0.198617, -0.216332
76803, -0.201005, -0.210218
76795, -0.196085, -0.211389
76782, -0.196817, -0.261928
76766, -0.196570, -0.330894
76764, -0.200404, -0.423169
76741, -0.201915, -0.226193
76736, -0.195028, -0.203036
76729, -0.198118, -0.215431
76720, -0.196502, -0.180404
76705, -0.202789, -0.264282
76689, -0.197876, -0.229652
76674, -0.198198, -0.206321
76661, -0.199561, -0.167405
76655, -0.197240, -0.156663
76650, -0.203028, -0.146210
76640, -0.198661, -0.200482
76625, -0.199488, -0.244161
76612, -0.201981, -0.175539
76601, -0.202882, -0.146051
76588, -0.196650, -0.304454
76575, -0.200881, -0.378987
76567, -0.196287, -0.175037
76566, -0.197404, -0.214647
76557, -0.202993, -0.185589
76533, -0.201623, -0.184753
76514, -0.194661, -0.203068
76504, -0.196400, -0.163841
76503, -0.200440, -0.183158
76491, -0.202964, -0.211620
76490, -0.203090, -0.181518
76478, -0.201192, -0.107433
76468, -0.203331, -0.254492
76467, -0.196509, -0.237716
76465, -0.197017, -0.115481
76461, -0.197427, -0.164748
76456, -0.201218, -0.247553
76448, -0.201797, -0.225658
76438, -0.199407, -0.157354
76436, -0.200719, -0.173650
76435, -0.202993, -0.257137
76431, -0.195006, -0.184353
76417, -0.197923, -0.249042
76412, -0.203138, -0.164361
76400, -0.197443, -0.146845
76399, -0.203259, -0.171759
76346, -0.198021, -0.175080
76323, -0.203301, -0.266649
76316, -0.198209, -0.185983
76290, -0.196413, -0.234075
76255, -0.197089, -0.121259
76233, -0.198605, -0.237068
76216, -0.196523, -0.186767
76207, -0.198257, -0.186463
76186, -0.197376, -0.184578
76185, -0.199160, -0.188715
76156, -0.195678, -0.189534
76147, -0.196647, -0.186649
76146, -0.199419, -0.190158
76144, -0.194453, -0.158599
76143, -0.197882, -0.129266
76136, -0.198823, -0.347320
76120, -0.197413, -0.250846
76114, -0.200895, -0.125435
76107, -0.203363, -0.190355
76106, -0.202510, -0.219002
76060, -0.201831, -0.381953
76054, -0.196559, -0.156209
76048, -0.194282, -0.107202
76037, -0.196171, -0.139593
76034, -0.194905, -0.181267
76029, -0.199867, -0.348376
76028, -0.196935, -0.201222
75998, -0.198196, -0.241341
75996, -0.200439, -0.248492
75993, -0.198549, -0.242780
75981, -0.197750, -0.325465
75952, -0.195735, -0.137900
75949, -0.199531, -0.146566
75948, -0.195412, -0.190979
75935, -0.197443, -0.225636
75916, -0.195721, -0.232830
75907, -0.197760, -0.239166
75898, -0.202242, -0.199734
75894, -0.201820, -0.130549
75885, -0.201247, -0.299941
75873, -0.199923, -0.234147
75870, -0.196833, -0.302345
75856, -0.201372, -0.223098
75829, -0.197711, -0.222917
75824, -0.197667, 0.019243
75820, -0.200616, -0.177211
75814, -0.192254, -0.236153
75811, -0.191597, -0.168241
75791, -0.187970, -0.173777
75789, -0.192306, -0.143455
75779, -0.192970, -0.223698
75778, -0.185940, -0.230755
75770, -0.190444, -0.192337
75760, -0.193821, -0.266585
75754, -0.189985, -0.314596
75751, -0.187626, -0.197187
75750, -0.194042, -0.175892
75721, -0.185653, -0.250892
75718, -0.193469, -0.098937
75717, -0.192014, -0.173928
75710, -0.187459, -0.272604
75700, -0.191954, -0.191345
75698, -0.187909, -0.290998
75675, -0.189800, -0.260314
75655, -0.186912, -0.174498
75641, -0.186655, -0.144333
75634, -0.193175, -0.268166
75627, -0.190252, -0.167878
75626, -0.187590, -0.187881
75594, -0.185377, -0.235978
75584, -0.192348, -0.154675
75574, -0.190330, -0.218748
75562, -0.189641, -0.207429
75559, -0.186060, -0.169343
75556, -0.188701, -0.190586
75524, -0.186833, -0.206532
75508, -0.192087, -0.195340
75496, -0.187874, -0.144114
75474, -0.193601, -0.173582
75470, -0.185095, -0.171135
75459, -0.191258, -0.210925
75452, -0.193179, -0.286797
75434, -0.186022, -0.157524
75432, -0.185580, -0.154048
75404, -0.185687, -0.179209
75400, -0.193505, -0.187405
75385, -0.187374, -0.184164
75384, -0.186296, -0.276137
75380, -0.189376, -0.180618
75379, -0.186292, -0.166666
75375, -0.187264, -0.229299
75358, -0.185093, -0.061142
75330, -0.192341, -0.197688
75316, -0.192121, -0.160798
75308, -0.186630, -0.207255
75298, -0.184983, -0.248988
75289, -0.193250, -0.174379
75285, -0.189787, -0.209860
75280, -0.193556, -0.251510
75267, -0.190521, -0.334699
75232, -0.190672, -0.141249
75223, -0.191581, -0.174178
75209, -0.184982, -0.193949
75203, -0.193875, -0.137949
75200, -0.186572, -0.210380
75193, -0.192388, -0.175792
75140, -0.185057, -0.207516
75120, -0.191006, -0.174456
75113, -0.188239, -0.151089
75103, -0.192230, -0.200202
75101, -0.190836, -0.244633
75099, -0.189699, -0.169826
75089, -0.188362, -0.316322
75066, -0.187196, -0.133776
75062, -0.187359, -0.131487
75047, -0.190615, -0.184912
75045, -0.189228, -0.204910
75040, -0.187452, -0.190871
75039, -0.186539, -0.178187
75034, -0.187911, -0.184156
75029, -0.187799, -0.179943
75027, -0.186703, -0.187409
75025, -0.187879, -0.185508
75017, -0.191301, -0.182785
75007, -0.192518, -0.253848
75005, -0.191529, -0.189206
74982, -0.190715, -0.187975
74975, -0.187343, -0.215022
74964, -0.191135, -0.235311
74957, -0.190698, -0.211756
74954, -0.185640, -0.132637
74942, -0.189932, -0.199455
74941, -0.186065, -0.159560
74915, -0.193463, -0.177205
74895, -0.191647, -0.124500
74894, -0.187957, -0.163201
74879, -0.187842, -0.141560
74876, -0.193989, -0.223767
74866, -0.187862, -0.234640
74845, -0.188933, -0.179238
74841, -0.193012, -0.268015
74836, -0.193572, -0.154431
74832, -0.187530, -0.230220
74816, -0.177563, -0.169820
74794, -0.183246, -0.163552
74785, -0.182222, -0.209701
74778, -0.177905, -0.127791
74758, -0.184267, -0.190100
74756, -0.182217, -0.220185
74729, -0.184624, -0.245210
74728, -0.176458, -0.180735
74726, -0.183073, -0.259213
74719, -0.183913, -0.258172
74694, -0.183346, -0.120196
74689, -0.178123, -0.179513
74677, -0.180652, -0.186449
74676, -0.184141, -0.140008
74672, -0.178188, -0.172895
74668, -0.178290, -0.330816
74649, -0.178852, -0.168905
74645, -0.178503, -0.159638
74627, -0.177117, -0.176007
74616, -0.180996, -0.195431
74603, -0.177422, -0.259009
74597, -0.184177, -0.115481
74585, -0.183195, -0.266674
74569, -0.175897, -0.121617
74565, -0.177898, -0.158052
74553, -0.179993, -0.149651
74525, -0.177106, -0.144124
74523, -0.183031, -0.139899
74515, -0.177445, -0.165298
74509, -0.181913, -0.101410
74504, -0.177183, -0.209376
74494, -0.177424, -0.185469
74458, -0.180501, -0.176198
74454, -0.176936, -0.194282
74453, -0.181308, -0.195861
74443, -0.177634, -0.184485
74432, -0.176891, -0.149500
74425, -0.177352, -0.143519
74421, -0.176639, -0.292881
74415, -0.179325, -0.169122
74414, -0.176259, -0.177710
74413, -0.183753, -0.131613
74401, -0.180967, -0.194758
74396, -0.176964, -0.077939
74386, -0.179909, -0.167057
74380, -0.184699, -0.195804
74373, -0.183446, -0.205534
74351, -0.179630, -0.129756
74327, -0.180033, -0.116417
74315, -0.183231, -0.197580
74296, -0.177426, -0.164051
74275, -0.181718, -0.137479
74251, -0.182311, -0.116939
74237, -0.178366, -0.196656
74232, -0.183980, -0.271921
74220, -0.184882, -0.228131
74209, -0.181248, -0.137412
74198, -0.175921, -0.177440
74192, -0.177196, -0.248265
74186, -0.177687, -0.156824
74183, -0.177415, -0.394345
74180, -0.183890, -0.204463
74164, -0.183258, -0.419301
74162, -0.177268, -0.351095
74156, -0.176804, -0.161838
74154, -0.179395, -0.203639
74153, -0.181324, -0.139314
74151, -0.180740, -0.139403
74150, -0.181650, -0.168473
74142, -0.183071, -0.204042
74128, -0.179260, -0.211798
74121, -0.180597, -0.188824
74115, -0.182015, -0.179484
74112, -0.179305, -0.192753
74093, -0.182927, -0.205494
74085, -0.184445, -0.169630
74081, -0.178678, -0.075632
74076, -0.181441, -0.172648
74066, -0.184827, -0.169484
74063, -0.181868, -0.348395
74062, -0.180105, -0.228480
74050, -0.181493, -0.198022
74018, -0.179614, -0.188900
74015, -0.181371, -0.190207
74010, -0.181331, -0.185103
73986, -0.183430, -0.194839
73985, -0.184037, -0.192089
73977, -0.178377, -0.196358
73972, -0.183813, -0.193943
73968, -0.183042, -0.211034
73962, -0.183394, -0.203122
73934, -0.178371, -0.160402
73911, -0.177179, -0.302303
73893, -0.177961, -0.338413
73873, -0.184465, -0.233978
73848, -0.177695, -0.136824
73814, -0.169551, -0.234903
73813, -0.168561, -0.141611
73812, -0.173197, -0.249836
73811, -0.168869, -0.253956
73779, -0.170349, -0.208589
73771, -0.167536, -0.161214
73764, -0.172328, -0.127906
73747, -0.173921, -0.280247
73740, -0.175091, -0.241720
73739, -0.166319, -0.246997
73719, -0.170669, -0.167871
73701, -0.170687, -0.178840
73699, -0.166784, -0.183358
73686, -0.166362, -0.204516
73664, -0.174147, -0.138898
73663, -0.167192, -0.153638
73655, -0.173059, -0.159889
73632, -0.167752, -0.158573
73622, -0.170795, -0.155922
73609, -0.171186, -0.107586
73604, -0.175640, -0.164378
73595, -0.167702, -0.144442
73586, -0.170409, -0.132567
73580, -0.168903, -0.164161
73578, -0.172805, -0.151962
73568, -0.172424, -0.122942
73533, -0.170171, -0.222448
73518, -0.165808, -0.116110
73514, -0.168470, -0.209227
73483, -0.173655, -0.152893
73460, -0.174602, -0.280464
73452, -0.173406, -0.172148
73424, -0.169776, -0.172844
73423, -0.168193, -0.113526
73419, -0.168104, -0.168800
73413, -0.168950, -0.382777
73401, -0.172276, -0.153900
73394, -0.169587, -0.236559
73387, -0.174120, -0.190503
73365, -0.170515, -0.154899
73362, -0.175463, -0.127345
73361, -0.169413, -0.224894
73360, -0.173696, -0.077532
73341, -0.171554, -0.224049
73332, -0.168558, -0.038414
73331, -0.167345, -0.183116
73329, -0.169950, -0.164156
73322, -0.173313, -0.163442
73317, -0.175272, -0.138264
73310, -0.172765, -0.154122
73306, -0.172264, -0.174725
73281, -0.173085, 0.010650
73271, -0.168348, -0.122750
73270, -0.167120, -0.132983
73261, -0.172160, -0.140395
73258, -0.173166, -0.168649
73255, -0.169002, -0.172063
73193, -0.172860, -0.220425
73185, -0.165793, -0.298643
73175, -0.175603, -0.145112
73170, -0.170775, -0.123172
73162, -0.171792, -0.379894
73136, -0.170527, -0.231308
73093, -0.173745, -0.229583
73052, -0.173653, -0.231219
73046, -0.171709, -0.089558
73020, -0.166489, -0.159055
73017, -0.169255, -0.298384
73009, -0.172673, -0.205910
73007, -0.171930, -0.201663
73001, -0.167014, -0.154829
72977, -0.174306, -0.179541
72976, -0.175501, -0.387501
72974, -0.168522, -0.257867
72955, -0.169550, -0.167235
72927, -0.167070, -0.149511
72923, -0.166413, -0.189429
72911, -0.172165, -0.073701
72867, -0.174416, -0.149663
72842, -0.170849, -0.269469
72831, -0.172706, 0.005032
72806, -0.158739, -0.158552
72803, -0.157057, -0.104601
72793, -0.155921, -0.108002
72789, -0.165576, -0.164536
72780, -0.159375, -0.200745
72761, -0.159275, -0.214625
72749, -0.164585, -0.189410
72746, -0.163469, -0.186004
72741, -0.157171, -0.153730
72733, -0.159160, -0.190631
72726, -0.164059, -0.170192
72705, -0.159402, -0.184072
72697, -0.165318, -0.117987
72688, -0.164794, -0.147686
72682, -0.159668, -0.162307
72676, -0.158503, -0.101246
72668, -0.163271, -0.310876
72665, -0.163724, -0.219418
72656, -0.161308, -0.151338
72653, -0.164800, -0.120315
72642, -0.162660, -0.187419
72641, -0.157346, -0.234802
72637, -0.162708, -0.163955
72623, -0.159488, -0.185839
72610, -0.156401, -0.198509
72594, -0.165633, -0.175986
72584, -0.164795, -0.245316
72577, -0.164862, -0.294745
72575, -0.158156, -0.151758
72567, -0.162002, -0.207387
72565, -0.160147, -0.145182
72562, -0.156939, 0.059083
72556, -0.159448, -0.050726
72544, -0.161877, -0.216551
72540, -0.162759, -0.145265
72532, -0.162203, -0.106287
72531, -0.161980, -0.170509
72530, -0.156572, -0.164377
72528, -0.164999, -0.143717
72520, -0.164851, -0.133826
72519, -0.164957, -0.187208
72516, -0.161568, -0.160151
72502, -0.159232, -0.128432
72493, -0.159985, -0.189217
72488, -0.161906, -0.152592
72485, -0.164574, -0.110917
72437, -0.163734, -0.155209
72427, -0.159797, -0.203029
72424, -0.164644, -0.100313
72419, -0.162234, -0.041492
72415, -0.164718, -0.143101
72410, -0.157833, -0.278913
72398, -0.165153, -0.252233
72387, -0.161391, -0.203794
72383, -0.158982, -0.306861
72364, -0.156318, -0.176967
72356, -0.158854, -0.144591
72354, -0.157739, -0.100727
72343, -0.159073, -0.132193
72315, -0.156161, -0.118973
72314, -0.159964, -0.165084
72310, -0.159550, -0.107163
72300, -0.165338, -0.015391
72299, -0.161041, -0.121727
72295, -0.165546, -0.206539
72281, -0.160427, -0.201103
72280, -0.161387, -0.131264
72279, -0.159380, -0.352390
72247, -0.160256, -0.061016
72241, -0.158155, -0.159118
72231, -0.159998, -0.145247
72211, -0.164240, -0.312521
72161, -0.165407, -0.164499
72153, -0.163303, -0.073101
72138, -0.161663, -0.173634
72137, -0.157502, -0.093225
72134, -0.163886, -0.150069
72130, -0.159471, -0.103088
72106, -0.160369, -0.082141
72096, -0.157409, -0.163911
72094, -0.158036, -0.103394
72063, -0.162252, -0.119307
72055, -0.164818, -0.194150
72053, -0.163888, -0.173059
72036, -0.162009, -0.174217
72033, -0.158006, -0.109405
72028, -0.163140, -0.191278
72018, -0.164086, -0.409048
72014, -0.158875, -0.066558
72007, -0.158864, -0.066471
72005, -0.164138, -0.255747
71996, -0.165268, -0.242867
71992, -0.163156, -0.387680
71980, -0.159174, -0.233380
71974, -0.164783, -0.305869
71968, -0.159636, -0.153806
71956, -0.164581, -0.031648
71955, -0.162729, -0.188063
71942, -0.159756, -0.213762
71931, -0.160274, -0.122885
71924, -0.162065, -0.144827
71917, -0.165206, -0.123140
71913, -0.157140, -0.131934
71904, -0.162578, -0.183590
71895, -0.162347, -0.162814
71883, -0.156537, -0.180132
71875, -0.157117, -0.081786
71855, -0.164558, -0.195284
71848, -0.158750, -0.147571
71818, -0.147755, -0.136670
71812, -0.148747, -0.204339
71807, -0.150689, -0.170935
71803, -0.151223, -0.097299
71791, -0.153475, -0.262764
71788, -0.154679, -0.173775
71787, -0.150099, -0.135107
71765, -0.153670, -0.160340
71760, -0.154298, -0.186607
71759, -0.145574, -0.174864
71754, -0.147917, -0.125504
71744, -0.150671, -0.223980
71739, -0.146245, -0.271731
71736, -0.151575, -0.146340
71735, -0.147816, -0.137771
71711, -0.145832, -0.138582
71674, -0.146609, -0.151663
71664, -0.148327, -0.144230
71645, -0.154794, -0.154232
71631, -0.153751, -0.241850
71611, -0.152345, -0.285468
71574, -0.149633, -0.153258
71563, -0.153282, -0.123094
71562, -0.151057, -0.110706
71553, -0.153440, -0.157248
71550, -0.151573, -0.230838
71543, -0.154816, -0.142626
71536, -0.148943, -0.136925
71523, -0.145858, -0.218816
71515, -0.151789, -0.131371
71505, -0.147969, -0.124410
71494, -0.154666, -0.081279
71474, -0.155195, -0.134134
71472, -0.152761, -0.194316
71466, -0.146890, -0.198352
71463, -0.151987, -0.196732
71462, -0.151928, -0.137151
71459, -0.149334, -0.127813
71458, -0.152439, -0.231830
71445, -0.145588, -0.196114
71443, -0.147688, -0.058674
71439, -0.150966, -0.165562
71436, -0.150926, -0.065774
71419, -0.146824, -0.243685
71411, -0.155301, -0.167653
71400, -0.154451, -0.523085
71392, -0.148030, -0.136776
71375, -0.149386, -0.182595
71374, -0.150749, -0.248421
71368, -0.145675, -0.183036
71356, -0.148858, -0.132764
71348, -0.148554, -0.166236
71334, -0.149432, -0.038312
71330, -0.148369, -0.185240
71315, -0.151231, -0.073999
71303, -0.151531, -0.137491
71299, -0.145824, -0.288019
71291, -0.153227, -0.146431
71284, -0.154466, -0.144911
71249, -0.149674, -0.078537
71245, -0.151750, -0.286760
71233, -0.155582, -0.120933
71202, -0.154647, -0.217494
71199, -0.146278, -0.174009
71198, -0.153003, -0.421223
71196, -0.148862, -0.171782
71193, -0.154967, -0.511056
71192, -0.149009, -0.216673
71166, -0.154721, -0.205223
71147, -0.153189, -0.144792
71133, -0.150671, -0.339975
71127, -0.147924, -0.143375
71121, -0.149405, -0.268065
71102, -0.148751, -0.500860
71101, -0.147758, -0.145856
71095, -0.150298, -0.113811
71087, -0.148343, -0.134911
71071, -0.150415, -0.283712
71068, -0.146329, -0.190205
71066, -0.155290, -0.108671
71058, -0.147583, -0.159562
71057, -0.149551, -0.181193
71040, -0.149856, -0.296818
71039, -0.149192, -0.110068
71036, -0.147260, -0.106936
71016, -0.150129, -0.234388
71015, -0.146225, -0.144869
70998, -0.152557, -0.053643
70986, -0.151107, -0.097838
70967, -0.153214, -0.280396
70962, -0.149736, -0.205969
70961, -0.150862, -0.283349
70955, -0.148634, -0.066039
70952, -0.148885, -0.067148
70933, -0.151857, -0.225692
70921, -0.152809, -0.225129
70901, -0.153412, -0.263116
70891, -0.147091, -0.311852
70881, -0.147197, -0.205918
70880, -0.147467, -0.113526
70872, -0.152388, -0.225465
70860, -0.151937, -0.240563
70831, -0.141827, -0.155098
70829, -0.141139, -0.339739
70828, -0.138661, -0.167309
70765, -0.137288, -0.168131
70762, -0.143557, -0.182714
70757, -0.141343, -0.154217
70756, -0.142990, -0.086428
70732, -0.140330, -0.151218
70731, -0.139760, -0.125662
70716, -0.144805, -0.151135
70715, -0.140255, -0.120874
70701, -0.135590, -0.191074
70694, -0.135720, -0.186213
70676, -0.141558, -0.123995
70673, -0.136752, -0.096570
70670, -0.140640, -0.154366
70668, -0.141459, -0.138575
70661, -0.135426, -0.101972
70649, -0.136085, -0.082830
70643, -0.142292, -0.133215
70634, -0.137822, -0.160857
70632, -0.145290, 0.017623
70596, -0.145098, -0.160054
70594, -0.138544, -0.190926
70592, -0.138306, -0.144362
70582, -0.137011, -0.056865
70578, -0.140834, -0.157590
70574, -0.135116, -0.024773
70567, -0.140353, -0.119526
70561, -0.139366, -0.202702
70558, -0.144609, -0.154949
70554, -0.137436, -0.393434
70535, -0.142597, -0.149672
70534, -0.137422, -0.103111
70513, -0.143965, -0.131610
70511, -0.139919, -0.039751
70493, -0.139735, -0.109868
70491, -0.137004, -0.119848
70466, -0.144970, -0.150782
70435, -0.141201, -0.104083
70433, -0.145311, -0.197247
70432, -0.143329, -0.155338
70429, -0.135417, -0.194796
70419, -0.136404, -0.074068
70417, -0.142476, -0.052695
70415, -0.145317, -0.119259
70412, -0.140529, -0.148044
70401, -0.138024, -0.112012
70371, -0.138909, -0.189645
70361, -0.136447, -0.160860
70330, -0.139423, -0.198133
70328, -0.140550, -0.197313
70312, -0.140197, -0.039857
70309, -0.138403, -0.049762
70305, -0.141238, -0.189146
70300, -0.135319, -0.169309
70286, -0.136062, -0.142344
70280, -0.140645, -0.126176
70276, -0.135276, -0.243964
70225, -0.140553, -0.074842
70218, -0.140938, -0.148205
70217, -0.135286, -0.123150
70216, -0.136871, 0.049096
70214, -0.142915, -0.210152
70207, -0.142778, -0.143574
70198, -0.142270, -0.289903
70158, -0.143570, -0.131025
70156, -0.135190, -0.179825
70139, -0.142272, -0.099118
70131, -0.139542, -0.110576
70128, -0.135901, -0.127278
70127, -0.135825, -0.097831
70126, -0.137936, -0.130755
70117, -0.135342, -0.034424
70112, -0.138101, -0.196688
70097, -0.140615, -0.135571
70095, -0.139624, -0.151615
70092, -0.140735, -0.149916
70088, -0.141240, -0.262458
70062, -0.140503, -0.094268
70052, -0.141884, -0.083106
70015, -0.136631, -0.363971
70004, -0.135331, -0.129822
69981, -0.144520, -0.096776
69977, -0.142197, -0.149375
69957, -0.143424, -0.073140
69931, -0.135642, -0.141699
69913, -0.136771, -0.140837
69905, -0.139798, -0.207534
69895, -0.139784, -0.071311
69886, -0.140064, -0.101817
69874, -0.141990, -0.218278
69871, -0.137574, -0.130458
69865, -0.143686, -0.174522
69857, -0.139902, -0.162641
69818, -0.126288, -0.068640
69814, -0.128604, -0.066746
69813, -0.133057, -0.120876
69809, -0.132575, -0.099077
69795, -0.133628, -0.423658
69780, -0.133847, -0.193406
69768, -0.125069, -0.198564
69767, -0.128726, -0.191574
69756, -0.133327, -0.146645
69755, -0.131592, -0.229226
69746, -0.129933, -0.194122
69736, -0.125811, -0.121330
69732, -0.130764, -0.259534
69729, -0.131239, -0.235023
69724, -0.129508, -0.215078
69714, -0.126695, -0.228278
69689, -0.126566, -0.143169
69686, -0.129708, -0.096028
69672, -0.132678, -0.138436
69671, -0.131247, -0.076900
69668, -0.133151, -0.171178
69663, -0.132143, -0.048820
69660, -0.129166, -0.119033
69652, -0.132333, -0.205005
69650, -0.129838, -0.126494
69644, -0.131401, -0.124294
69630, -0.134596, -0.084973
69626, -0.127546, -0.024833
69609, -0.130927, -0.119896
69588, -0.126052, -0.309750
69556, -0.127847, -0.128786
69554, -0.129832, -0.175194
69548, -0.134062, -0.038354
69538, -0.127109, -0.189089
69535, -0.130155, -0.168317
69534, -0.129799, -0.129405
69530, -0.128679, -0.231842
69529, -0.134818, -0.259492
69526, -0.133402, -0.190558
69512, -0.125975, -0.099801
69509, -0.129175, -0.046297
69506, -0.133258, -0.104316
69477, -0.128540, -0.132461
69466, -0.133972, -0.148140
69461, -0.132356, -0.079025
69454, -0.130692, -0.115495
69451, -0.128596, -0.067842
69448, -0.126756, -0.122907
69433, -0.132980, -0.106589
69417, -0.129840, -0.111867
69399, -0.128352, -0.121237
69398, -0.124944, -0.203312
69386, -0.127280, -0.040424
69366, -0.132636, -0.129198
69356, -0.125262, -0.139423
69353, -0.131081, -0.092199
69347, -0.128107, -0.067907
69343, -0.126873, -0.100001
69341, -0.128239, -0.157126
69339, -0.126870, -0.026866
69338, -0.132434, -0.043414
69333, -0.126266, -0.065341
69329, -0.127464, -0.072629
69325, -0.133956, -0.174366
69322, -0.129976, -0.098720
69319, -0.134736, -0.285374
69290, -0.132321, -0.161010
69286, -0.133709, -0.140984
69284, -0.130328, -0.139209
69263, -0.130662, -0.168007
69260, -0.134806, -0.065156
69259, -0.129570, -0.067143
69254, -0.129129, -0.179511
69252, -0.131217, -0.117362
69237, -0.132139, -0.003188
69222, -0.133177, -0.073597
69214, -0.131636, -0.195872
69200, -0.134662, -0.397128
69179, -0.132843, -0.247084
69173, -0.131170, -0.062432
69163, -0.125717, -0.115749
69150, -0.127253, -0.117481
69149, -0.132347, -0.133047
69138, -0.131314, -0.097483
69137, -0.125910, -0.103035
69116, -0.133340, -0.121094
69101, -0.132917, -0.177172
69088, -0.134526, -0.073972
69084, -0.130260, -0.160879
69056, -0.130375, -0.166251
69047, -0.130926, -0.158311
69043, -0.133405, -0.202996
69031, -0.129709, -0.146203
69028, -0.127125, -0.308542
69025, -0.128714, -0.193296
69008, -0.125013, -0.117417
68993, -0.131397, -0.293905
68988, -0.126546, -0.160817
68956, -0.134856, -0.104815
68948, -0.127710, -0.189255
68945, -0.128082, -0.081136
68944, -0.132556, -0.067876
68937, -0.132553, -0.151212
68936, -0.134033, -0.173709
68928, -0.126644, -0.183015
68926, -0.125527, -0.035046
68904, -0.130317, -0.205534
68899, -0.125923, -0.202941
68892, -0.130264, -0.139732
68884, -0.130387, -0.091048
68880, -0.130992, -0.227967
68876, -0.132132, -0.143650
68834, -0.123666, -0.198083
68798, -0.119973, -0.201599
68796, -0.114846, -0.117809
68795, -0.123995, -0.127925
68787, -0.124179, -0.096318
68785, -0.117549, -0.184588
68778, -0.114481, -0.182984
68765, -0.122560, -0.101744
68761, -0.119923, -0.193083
68753, -0.114017, -0.205816
68719, -0.116825, -0.124883
68706, -0.119285, -0.058851
68702, -0.117857, -0.111803
68700, -0.121172, -0.150864
68698, -0.114735, -0.072231
68697, -0.121380, -0.140215
68696, -0.123632, -0.071169
68694, -0.121060, -0.199606
68689, -0.114913, -0.065743
68687, -0.123958, -0.100031
68684, -0.119178, -0.086950
68670, -0.118569, -0.079594
68663, -0.123983, -0.082350
68642, -0.123312, -0.085474
68633, -0.122615, -0.064888
68622, -0.116202, -0.040388
68615, -0.114501, -0.151104
68607, -0.114150, -0.107373
68590, -0.114118, -0.069900
68582, -0.115787, -0.076574
68578, -0.121182, -0.091490
68574, -0.116813, -0.196637
68573, -0.124340, -0.086128
68572, -0.120944, -0.068197
68568, -0.119546, -0.130741
68540, -0.113999, -0.076183
68539, -0.120448, -0.095993
68530, -0.123854, -0.084101
68510, -0.117356, -0.191466
68506, -0.120422, -0.107948
68489, -0.122732, -0.045163
68487, -0.117504, 0.004370
68486, -0.124565, -0.097668
68457, -0.122139, -0.148889
68431, -0.114362, -0.136770
68425, -0.114516, -0.138499
68418, -0.116161, -0.166834
68403, -0.117944, -0.069623
68393, -0.123369, -0.109839
68390, -0.117121, -0.079211
68376, -0.114984, -0.134350
68368, -0.117419, -0.103759
68360, -0.114146, -0.160658
68344, -0.122164, -0.012711
68343, -0.117069, -0.100919
68341, -0.124144, -0.073054
68340, -0.115162, -0.018245
68328, -0.120303, -0.121457
68299, -0.113770, -0.116771
68284, -0.123099, -0.116321
68270, -0.114283, -0.119615
68267, -0.120198, -0.231291
68247, -0.119880, -0.252010
68237, -0.115050, -0.276070
68215, -0.123214, -0.186131
68212, -0.120460, 0.001484
68211, -0.123152, -0.269314
68189, -0.120386, -0.133988
68185, -0.115460, -0.071529
68176, -0.117012, -0.231291
68173, -0.123424, -0.308239
68171, -0.121834, -0.137382
68167, -0.114075, -0.106092
68144, -0.119583, -0.261913
68127, -0.119333, -0.090739
68125, -0.120827, -0.053057
68123, -0.114350, 0.006951
68119, -0.115300, -0.050588
68113, -0.120635, -0.196528
68088, -0.115561, -0.088932
68080, -0.116370, -0.091315
68070, -0.124244, -0.164460
68068, -0.124618, -0.137925
68067, -0.115126, -0.182417
68045, -0.118781, -0.125098
68042, -0.118706, -0.273405
68027, -0.122439, -0.265229
68024, -0.123121, -0.114814
68023, -0.119385, -0.335512
68021, -0.117934, -0.073981
68018, -0.118911, -0.251864
68017, -0.116917, -0.195489
67984, -0.117349, -0.025998
67980, -0.118847, -0.044729
67972, -0.118579, -0.075268
67967, -0.114868, -0.145209
67958, -0.118616, -0.133789
67954, -0.120074, -0.163457
67944, -0.118211, -0.169197
67935, -0.114575, -0.126875
67930, -0.118787, -0.084951
67917, -0.120568, -0.031542
67913, -0.119812, -0.192619
67910, -0.122214, -0.197671
67902, -0.118725, -0.179697
67891, -0.120737, -0.089607
67889, -0.122905, -0.095374
67885, -0.114947, -0.177872
67881, -0.116208, -0.138044
67867, -0.121803, -0.141824
67860, -0.120292, -0.005532
67848, -0.105484, -0.158518
67835, -0.107947, -0.095082
67829, -0.111539, -0.201944
67826, -0.111825, -0.119877
67822, -0.106760, -0.139549
67819, -0.111131, -0.142683
67816, -0.111153, -0.316963
67811, -0.111947, -0.161865
67810, -0.111861, -0.054368
67805, -0.112329, -0.212882
67802, -0.112696, -0.104575
67796, -0.111773, -0.153556
67783, -0.112941, -0.133263
67778, -0.109508, -0.124233
67767, -0.108521, -0.118845
67764, -0.103387, -0.069133
67762, -0.113426, -0.148497
67758, -0.113334, -0.155197
67756, -0.112106, -0.208599
67749, -0.103440, -0.141153
67737, -0.111612, -0.070922
67734, -0.109960, -0.134773
67731, -0.109076, -0.128374
67728, -0.111648, -0.112388
67715, -0.102881, -0.044638
67706, -0.106293, -0.095102
67689, -0.109553, -0.097771
67681, -0.106709, -0.236543
67676, -0.105376, -0.191894
67660, -0.111213, -0.146485
67626, -0.103893, -0.112787
67617, -0.109756, -0.067904
67615, -0.107761, -0.139245
67602, -0.102439, -0.455065
67601, -0.108391, -0.116631
67586, -0.113465, -0.035258
67579, -0.111424, -0.165557
67566, -0.109229, -0.084509
67555, -0.112125, -0.111154
67550, -0.104619, -0.057159
67537, -0.104187, -0.047641
67534, -0.102737, 0.023792
67526, -0.113264, -0.119447
67520, -0.111697, -0.126754
67504, -0.102779, -0.017942
67476, -0.107998, -0.154679
67454, -0.112695, -0.203002
67448, -0.112951, -0.115910
67438, -0.104604, -0.054890
67437, -0.110545, -0.142075
67428, -0.109992, -0.196132
67425, -0.105961, -0.218123
67420, -0.108265, -0.091573
67392, -0.106337, -0.107218
67380, -0.108620, -0.070580
67373, -0.108240, 0.019912
67372, -0.101874, -0.088762
67365, -0.104131, -0.045517
67353, -0.105638, -0.101655
67314, -0.112879, -0.055316
67309, -0.106645, -0.117851
67305, -0.111260, -0.069987
67304, -0.109240, -0.103724
67295, -0.108974, -0.101060
67294, -0.110712, -0.263232
67276, -0.113620, -0.033234
67273, -0.106804, -0.090464
67263, -0.104137, -0.068039
67261, -0.111031, -0.048108
67254, -0.109692, -0.096216
67250, -0.112368, -0.154309
67233, -0.106193, -0.283321
67226, -0.104181, -0.154446
67204, -0.108268, 0.013798
67202, -0.102834, -0.116933
67191, -0.108032, -0.099393
67182, -0.107581, -0.129744
67170, -0.104527, -0.127689
67166, -0.112660, -0.144514
67149, -0.102213, -0.055503
67136, -0.111472, -0.491282
67130, -0.113656, -0.223128
67120, -0.103644, -0.213963
67109, -0.108372, -0.249136
67091, -0.113378, -0.220203
67082, -0.109051, -0.123714
67078, -0.110627, -0.054586
67073, -0.104421, -0.023950
67063, -0.106185, -0.138954
67059, -0.111281, -0.162240
67050, -0.111089, -0.123208
67046, -0.103686, -0.118925
67022, -0.107910, -0.276306
67008, -0.112039, -0.291923
66996, -0.112729, -0.058470
66989, -0.105720, -0.040923
66977, -0.110320, -0.239804
66974, -0.110708, -0.282133
66972, -0.112759, -0.178246
66965, -0.102777, -0.099295
66953, -0.112373, -0.032019
66944, -0.104784, -0.052866
66936, -0.102376, 0.001564
66933, -0.105234, -0.056238
66928, -0.102755, -0.118297
66924, -0.104068, -0.130843
66889, -0.105182, -0.159450
66881, -0.109786, -0.182465
66852, -0.095987, -0.088697
66847, -0.100038, -0.045378
66845, -0.097793, -0.197820
66834, -0.096295, -0.155455
66833, -0.090104, -0.066120
66832, -0.099545, -0.116055
66824, -0.095910, -0.070398
66815, -0.093630, -0.039212
66802, -0.090352, -0.017685
66772, -0.095442, -0.125886
66767, -0.095442, 0.010608
66763, -0.095004, -0.113050
66760, -0.098570, -0.088662
66753, -0.094594, -0.113665
66750, -0.091081, -0.106188
66746, -0.093839, -0.074684
66742, -0.100730, -0.093372
66741, -0.096923, -0.104177
66725, -0.100886, -0.093908
66723, -0.098959, -0.270127
66718, -0.100091, -0.145316
66710, -0.099032, -0.125749
66708, -0.097372, -0.160357
66697, -0.101749, 0.003538
66689, -0.099216, -0.122447
66684, -0.093435, -0.064107
66678, -0.101217, -0.100002
66664, -0.096903, -0.095853
66640, -0.090400, -0.098401
66634, -0.094323, -0.015047
66615, -0.096125, -0.009766
66610, -0.101222, -0.115516
66600, -0.092863, -0.170551
66593, -0.093930, -0.149473
66591, -0.092590, -0.131287
66589, -0.095541, -0.126838
66586, -0.095956, -0.048074
66581, -0.093436, -0.092274
66579, -0.096828, -0.055368
66572, -0.096805, -0.063642
66550, -0.094406, -0.111611
66546, -0.090747, -0.013066
66545, -0.090669, 0.031298
66536, -0.100349, -0.189972
66520, -0.099674, -0.170677
66511, -0.098499, -0.060791
66478, -0.101526, 0.047538
66475, -0.092241, -0.047756
66439, -0.090973, -0.079195
66432, -0.090653, 0.127088
66423, -0.091203, -0.210382
66419, -0.095358, -0.109168
66400, -0.091870, -0.078790
66385, -0.098883, -0.086073
66380, -0.096146, -0.255840
66364, -0.093220, -0.130476
66363, -0.097773, -0.134387
66360, -0.096086, -0.009600
66347, -0.100546, -0.213450
66345, -0.092994, -0.065399
66342, -0.099650, -0.029564
66332, -0.092318, -0.041910
66316, -0.095008, -0.224373
66266, -0.092285, -0.176798
66255, -0.094592, -0.245315
66236, -0.092609, -0.170187
66221, -0.098765, -0.218091
66216, -0.101171, -0.089210
66211, -0.093680, -0.048129
66198, -0.093418, -0.216137
66193, -0.093137, -0.173222
66187, -0.090248, -0.042764
66151, -0.090060, -0.057250
66150, -0.090827, -0.076939
66149, -0.094786, -0.062040
66109, -0.093562, -0.049156
66108, -0.094092, -0.084281
66097, -0.092100, -0.139717
66089, -0.095395, -0.281357
66050, -0.096032, -0.102897
66038, -0.094970, -0.178159
66036, -0.100475, -0.085050
66035, -0.091758, -0.159397
66031, -0.099426, -0.126181
66021, -0.090680, -0.092496
66016, -0.099162, -0.107795
65989, -0.090173, -0.063511
65988, -0.092815, -0.140462
65980, -0.093583, -0.025691
65974, -0.093553, -0.072201
65953, -0.091148, -0.098185
65950, -0.101375, -0.155825
65947, -0.091230, -0.117320
65944, -0.090933, -0.035801
65942, -0.093357, -0.029423
65934, -0.093607, -0.084456
65928, -0.098982, -0.135536
65919, -0.099747, -0.051746
65892, -0.100250, -0.137476
65890, -0.095993, -0.071775
65870, -0.093891, -0.105950
65863, -0.089933, -0.098709
65853, -0.089600, -0.107907
65847, -0.082208, -0.160535
65836, -0.081251, -0.020552
65833, -0.083978, 0.008714
65800, -0.081564, -0.105127
65794, -0.086297, -0.165270
65793, -0.087226, -0.087319
65785, -0.083259, -0.067437
65783, -0.087682, -0.050834
65781, -0.087673, -0.159483
65767, -0.086088, -0.072337
65755, -0.082942, -0.099586
65753, -0.082537, -0.274580
65752, -0.081740, -0.085057
65739, -0.087308, -0.078199
65729, -0.081040, -0.199864
65706, -0.085053, -0.088573
65701, -0.089506, -0.110959
65696, -0.081298, -0.121642
65695, -0.083931, -0.102877
65678, -0.083038, -0.148259
65661, -0.078487, -0.102853
65657, -0.085412, 0.024630
65649, -0.088116, -0.048181
65648, -0.087240, -0.095636
65646, -0.078980, -0.044830
65645, -0.078047, -0.052777
65634, -0.086155, -0.102715
65632, -0.089146, -0.074331
65631, -0.089107, -0.166801
65623, -0.088723, -0.145947
65622, -0.081317, -0.031312
65617, -0.080597, -0.059836
65616, -0.085260, -0.035996
65612, -0.079227, -0.061564
65602, -0.085537, -0.063220
65588, -0.081893, -0.142890
65582, -0.088733, -0.040253
65569, -0.081765, -0.234855
65561, -0.088451, -0.070554
65549, -0.082464, 0.012219
65543, -0.078755, 0.076036
65538, -0.084886, -0.128703
65530, -0.081863, -0.026947
65524, -0.087468, -0.077664
65516, -0.081927, -0.036036
65479, -0.078215, -0.005971
65475, -0.080967, -0.126374
65473, -0.088586, -0.161949
65464, -0.085878, -0.072291
65463, -0.084698, 0.002222
65454, -0.087824, -0.070970
65445, -0.086772, -0.049206
65442, -0.084861, -0.167262
65429, -0.084381, -0.035431
65406, -0.084227, -0.129929
65405, -0.081057, -0.022061
65378, -0.087108, -0.043774
65356, -0.078104, -0.280892
65342, -0.085316, 0.005258
65336, -0.079016, 0.064034
65333, -0.089678, -0.145484
65323, -0.084418, 0.073742
65322, -0.088518, 0.073519
65296, -0.086656, -0.002180
65291, -0.086780, -0.166565
65289, -0.078968, -0.071334
65286, -0.080776, -0.150307
65280, -0.087573, -0.039488
65274, -0.082646, -0.024562
65272, -0.087401, -0.005799
65261, -0.087941, -0.199014
65260, -0.079835, 0.016522
65257, -0.081558, -0.084926
65251, -0.078387, -0.035169
65248, -0.084618, -0.007194
65197, -0.088532, -0.184348
65192, -0.079301, -0.149619
65166, -0.089294, -0.037391
65162, -0.081923, -0.077367
65160, -0.087971, -0.138518
65149, -0.080397, -0.169583
65133, -0.079562, -0.039898
65132, -0.082887, -0.032286
65129, -0.085470, -0.090137
65114, -0.088063, -0.078017
65107, -0.080134, -0.094791
65106, -0.088617, -0.067413
65086, -0.086997, -0.024171
65054, -0.085434, -0.239803
65046, -0.085246, -0.041036
65041, -0.086635, -0.153330
65024, -0.082510, -0.255129
65021, -0.089463, -0.083960
65017, -0.077933, -0.232809
65015, -0.087077, -0.029031
65006, -0.079431, -0.078350
64987, -0.084731, 0.005313
64968, -0.086230, -0.081422
64967, -0.085787, -0.075934
64963, -0.085213, -0.096972
64950, -0.078931, -0.165924
64935, -0.085469, -0.156954
64931, -0.082318, -0.119792
64922, -0.080504, -0.106452
64911, -0.080132, -0.133012
64908, -0.081659, 0.030013
64904, -0.088250, -0.057929
64884, -0.086582, -0.138862
64847, -0.077028, -0.118531
64842, -0.077294, -0.045692
64836, -0.068811, -0.180428
64835, -0.072024, 0.116144
64830, -0.067481, -0.097116
64828, -0.068163, -0.049515
64826, -0.075842, -0.532132
64814, -0.071730, -0.072031
64802, -0.067061, -0.150646
64759, -0.074033, -0.085137
64754, -0.070631, -0.032350
64734, -0.076574, -0.071311
64729, -0.065743, -0.016125
64727, -0.071501, -0.000453
64719, -0.070442, -0.109914
64716, -0.073434, -0.226336
64711, -0.071483, -0.065402
64703, -0.066947, -0.002278
64695, -0.068873, -0.032496
64665, -0.071682, -0.029579
64648, -0.074685, 0.012182
64647, -0.074313, -0.117350
64644, -0.076885, -0.183204
64631, -0.068564, -0.169056
64626, -0.067484, -0.085624
64621, -0.068403, -0.044742
64616, -0.074831, 0.028947
64600, -0.068821, -0.051722
64599, -0.070666, -0.013774
64589, -0.067073, -0.007691
64550, -0.077741, -0.089118
64541, -0.065450, -0.122169
64538, -0.066425, -0.033951
64531, -0.077068, -0.178888
64525, -0.076589, -0.150250
64517, -0.077337, -0.004457
64514, -0.066625, -0.021567
64512, -0.069044, -0.025964
64475, -0.068247, -0.083737
64465, -0.066495, -0.057000
64462, -0.067516, -0.080984
64443, -0.075393, -0.126684
64428, -0.066198, -0.150522
64425, -0.068049, -0.111798
64413, -0.070904, -0.086392
64401, -0.068217, -0.051445
64387, -0.072008, -0.126684
64384, -0.072786, 0.028211
64340, -0.072460, -0.053778
64337, -0.077605, -0.070589
64333, -0.067023, -0.230823
64308, -0.068485, 0.015136
64290, -0.076821, -0.036419
64281, -0.066550, -0.035750
64265, -0.070913, -0.167287
64263, -0.066243, -0.115220
64262, -0.075710, -0.163124
64241, -0.067087, -0.122471
64218, -0.076422, -0.279460
64199, -0.065259, -0.104760
64197, -0.075160, -0.003523
64195, -0.077205, -0.074191
64146, -0.068090, -0.055015
64142, -0.068321, -0.053611
64116, -0.065226, -0.153532
64111, -0.065497, -0.037566
64088, -0.073826, -0.090209
64076, -0.077306, -0.048876
64061, -0.077410, -0.035053
64035, -0.076977, -0.252031
63999, -0.073360, -0.083363
63991, -0.069617, 0.002125
63973, -0.071169, -0.114752
63965, -0.069421, -0.127019
63964, -0.075841, -0.051471
63962, -0.074637, -0.051406
63958, -0.067508, 0.012223
63956, -0.072104, -0.117539
63953, -0.066291, 0.068583
63952, -0.077466, -0.016920
63951, -0.070705, -0.081889
63944, -0.076566, -0.024572
63930, -0.068371, -0.071380
63922, -0.065648, 0.000254
63920, -0.065871, -0.116646
63906, -0.065316, -0.188666
63896, -0.076119, -0.143328
63893, -0.066441, -0.162589
63873, -0.073102, -0.011721
63855, -0.055518, -0.130747
63842, -0.058166, -0.092821
63837, -0.058875, -0.127627
63835, -0.055928, -0.116560
63829, -0.061130, 0.003026
63823, -0.055851, -0.309082
63821, -0.053886, -0.360840
63808, -0.058247, -0.129789
63797, -0.061429, -0.029444
63794, -0.058570, -0.067612
63789, -0.060002, 0.018344
63788, -0.054062, -0.049353
63759, -0.059171, -0.086206
63751, -0.061977, -0.082536
63742, -0.053734, -0.085467
63735, -0.053499, -0.095940
63726, -0.060465, -0.093279
63725, -0.057197, -0.097824
63722, -0.059464, -0.056831
63716, -0.055790, -0.046911
63708, -0.056320, -0.063583
63701, -0.053651, -0.005756
63698, -0.060741, -0.096097
63696, -0.060508, -0.003254
63694, -0.060934, -0.157907
63679, -0.063019, -0.092534
63662, -0.058918, -0.010309
63641, -0.063527, -0.088547
63637, -0.062039, -0.042390
63629, -0.058303, -0.182900
63627, -0.054578, 0.027309
63626, -0.055084, -0.072425
63609, -0.054030, -0.022578
63600, -0.053324, -0.031329
63594, -0.064199, 0.047613
63591, -0.055473, 0.137761
63588, -0.053186, 0.023040
63586, -0.063377, -0.129072
63567, -0.059725, -0.062546
63557, -0.058912, -0.033851
63551, -0.057343, -0.072145
63549, -0.061025, -0.104205
63541, -0.062634, -0.025920
63524, -0.056095, -0.102394
63515, -0.053913, -0.074997
63510, -0.053287, -0.016397
63505, -0.061144, 0.025236
63504, -0.059239, 0.020022
63471, -0.062632, -0.050860
63442, -0.060949, -0.070864
63431, -0.056380, -0.023890
63390, -0.063227, -0.043289
63381, -0.058244, 0.004233
63378, -0.064862, -0.019841
63377, -0.064833, -0.012355
63376, -0.060103, -0.074498
63371, -0.058956, -0.058290
63356, -0.055437, -0.052333
63354, -0.064876, -0.007424
63347, -0.057462, -0.085430
63344, -0.056531, -0.037419
63343, -0.056928, -0.043737
63318, -0.053202, -0.056686
63315, -0.063302, -0.003326
63309, -0.058267, -0.002224
63305, -0.053886, 0.061113
63303, -0.056133, -0.119968
63277, -0.056159, -0.073173
63273, -0.055010, -0.147322
63271, -0.059774, -0.194647
63268, -0.058302, -0.037071
63240, -0.061091, 0.032415
63237, -0.058151, -0.321338
63232, -0.063712, -0.098460
63213, -0.063199, -0.213019
63203, -0.063095, -0.057788
63202, -0.063395, -0.078419
63193, -0.056399, 0.003971
63191, -0.063038, -0.209712
63183, -0.055606, -0.028553
63176, -0.055203, -0.003653
63170, -0.063748, -0.005453
63165, -0.058481, -0.220592
63164, -0.055328, -0.230912
63163, -0.057058, -0.267677
63159, -0.064986, -0.109221
63140, -0.055279, -0.129100
63121, -0.059129, -0.064537
63116, -0.055786, -0.169328
63096, -0.054387, -0.086303
63091, -0.057904, -0.045879
63090, -0.061933, -0.061644
63077, -0.059191, 0.005467
63069, -0.057406, -0.321416
63032, -0.059546, -0.090806
63029, -0.059700, -0.087728
63028, -0.057831, -0.016363
63026, -0.057103, 0.033370
63016, -0.056921, -0.051150
62998, -0.058401, -0.099636
62984, -0.062940, -0.262271
62975, -0.054501, -0.061979
62970, -0.059405, -0.030904
62967, -0.056996, -0.094109
62964, -0.057227, -0.077006
62939, -0.059230, -0.023296
62926, -0.056973, 0.050314
62923, -0.061287, -0.104383
62913, -0.056356, -0.081259
62907, -0.064016, -0.140719
62897, -0.059113, -0.013820
62883, -0.055715, -0.054616
62882, -0.062696, -0.021095
62881, -0.055613, -0.005456
62877, -0.061968, -0.048110
62876, -0.056398, -0.016044
62864, -0.041890, -0.240333
62854, -0.047104, -0.201952
62831, -0.049283, -0.171684
62829, -0.047149, -0.022340
62828, -0.042206, -0.326855
62825, -0.044376, 0.084383
62820, -0.043040, -0.204679
62811, -0.052681, -0.092596
62810, -0.046969, -0.090728
62799, -0.041505, -0.110977
62774, -0.043037, -0.085253
62767, -0.050771, -0.132922
62761, -0.047911, -0.054647
62755, -0.051581, -0.096019
62751, -0.048098, -0.121756
62738, -0.052351, -0.072208
62724, -0.044824, -0.038258
62720, -0.047222, -0.011061
62718, -0.042049, -0.051337
62706, -0.044226, -0.049583
62685, -0.052654, -0.036250
62684, -0.051105, 0.001470
62677, -0.041653, -0.006848
62635, -0.043408, -0.119852
62598, -0.045054, -0.072287
62590, -0.045339, -0.029654
62585, -0.050011, -0.168449
62559, -0.043738, -0.023819
62523, -0.045977, -0.028388
62515, -0.042478, -0.003019
62506, -0.042838, -0.142052
62481, -0.045473, 0.067390
62480, -0.046639, -0.067678
62472, -0.052658, -0.046743
62465, -0.052464, -0.055242
62461, -0.049928, -0.044135
62460, -0.051562, -0.058882
62452, -0.043184, 0.047380
62434, -0.048364, -0.043480
62432, -0.048372, -0.076606
62426, -0.050314, -0.052230
62425, -0.045346, 0.049984
62424, -0.051422, -0.013970
62422, -0.052828, -0.113226
62405, -0.046070, -0.109360
62386, -0.045557, -0.111305
62381, -0.047533, 0.191276
62370, -0.049020, 0.013881
62337, -0.044077, -0.068070
62334, -0.041656, 0.005988
62302, -0.046117, -0.043915
62293, -0.048723, -0.020437
62288, -0.044602, -0.108434
62248, -0.051557, -0.080917
62235, -0.051667, -0.080308
62230, -0.050485, -0.089224
62229, -0.041229, -0.178809
62226, -0.044270, -0.187360
62214, -0.044304, -0.049198
62205, -0.043739, -0.054228
62202, -0.042241, -0.003922
62186, -0.047941, -0.070807
62185, -0.047573, -0.260249
62177, -0.046812, -0.171457
62174, -0.047888, -0.259747
62160, -0.050744, -0.105325
62155, -0.045906, -0.161273
62151, -0.052299, -0.173033
62137, -0.042695, -0.074301
62121, -0.043691, -0.138586
62096, -0.051917, -0.091152
62092, -0.046285, -0.038688
62089, -0.046184, -0.093770
62058, -0.044596, -0.183284
62047, -0.044193, -0.048567
62039, -0.046103, -0.147631
62023, -0.047508, -0.053196
62020, -0.043005, -0.099814
62001, -0.047728, -0.074864
61999, -0.042901, -0.088778
61998, -0.041386, -0.056904
61997, -0.043031, -0.048188
61993, -0.046488, -0.050915
61955, -0.051209, -0.061362
61940, -0.047892, 0.017250
61925, -0.046940, -0.032195
61923, -0.052837, 0.052165
61921, -0.046943, -0.046362
61904, -0.052781, 0.002446
61895, -0.050018, -0.078614
61886, -0.048510, -0.166106
61874, -0.042954, 0.104317
61869, -0.041798, -0.005490
61857, -0.040475, -0.043524
61851, -0.029508, -0.015658
61842, -0.038607, 0.036655
61840, -0.032046, 0.061147
61813, -0.036106, -0.037487
61799, -0.029464, 0.035929
61795, -0.032234, -0.038437
61783, -0.029879, 0.016728
61733, -0.039423, -0.062060
61721, -0.031217, 0.026092
61710, -0.035997, -0.041970
61708, -0.035999, -0.071659
61705, -0.036799, -0.009923
61676, -0.040601, -0.058325
61656, -0.031379, -0.011417
61643, -0.040139, -0.072300
61638, -0.029111, 0.015429
61636, -0.039785, -0.050864
61631, -0.028914, 0.021961
61615, -0.040218, -0.093639
61612, -0.039939, -0.073910
61593, -0.030007, -0.031194
61589, -0.039787, -0.051258
61565, -0.033751, -0.007037
61562, -0.032643, -0.042435
61559, -0.033902, -0.040153
61551, -0.038596, -0.061237
61548, -0.036311, -0.058371
61547, -0.033149, -0.063168
61545, -0.038757, -0.014981
61531, -0.035159, -0.031873
61530, -0.039200, -0.035031
61523, -0.037560, 0.020632
61520, -0.035402, -0.137352
61509, -0.035404, -0.054851
61499, -0.032494, 0.069543
61454, -0.034847, -0.066830
61452, -0.033363, -0.047575
61451, -0.029460, 0.018913
61444, -0.034609, 0.109069
61439, -0.034341, -0.058842
61430, -0.040632, -0.064806
61423, -0.030616, 0.010224
61411, -0.038922, -0.110994
61379, -0.036847, -0.033297
61376, -0.040849, 0.013898
61358, -0.034317, 0.119503
61353, -0.037813, -0.027076
61339, -0.040871, -0.087602
61327, -0.039027, -0.286100
61304, -0.028759, -0.023057
61302, -0.040129, -0.008460
61299, -0.035221, -0.111530
61292, -0.036205, -0.168308
61268, -0.030547, -0.209530
61265, -0.030011, -0.125663
61240, -0.039732, -0.064313
61224, -0.035011, -0.017240
61222, -0.029127, -0.060934
61219, -0.037515, -0.013927
61218, -0.033846, -0.219038
61217, -0.037574, 0.093961
61211, -0.040847, 0.021293
61197, -0.040590, 0.000332
61172, -0.032576, 0.039672
61170, -0.038988, -0.014691
61162, -0.031337, 0.024572
61160, -0.029179, -0.049424
61159, -0.034417, -0.002252
61143, -0.035166, 0.021149
61121, -0.034401, 0.043740
61082, -0.037101, -0.150369
61057, -0.032301, -0.054537
61052, -0.034714, -0.063362
61035, -0.034435, -0.045516
61024, -0.030637, 0.001240
61022, -0.037025, -0.069498
60995, -0.028908, -0.080541
60974, -0.033934, 0.044013
60969, -0.038964, -0.014770
60960, -0.037681, -0.099100
60945, -0.034070, -0.061980
60939, -0.035493, -0.044000
60929, -0.033297, -0.110842
60922, -0.039742, 0.017909
60910, -0.030851, -0.084054
60907, -0.037944, -0.069198
60902, -0.029810, -0.089467
60900, -0.039475, -0.091242
60894, -0.033615, -0.006747
60880, -0.035012, 0.035296
60879, -0.033331, 0.022790
60866, -0.020504, -0.183049
60860, -0.023576, -0.210665
60835, -0.020093, 0.041334
60828, -0.018496, 0.034910
60827, -0.020081, -0.128502
60824, -0.020205, 0.084467
60819, -0.022213, 0.025608
60794, -0.025082, -0.012387
60790, -0.028185, -0.061575
60776, -0.027560, -0.063719
60768, -0.026829, 0.007835
60765, -0.019728, -0.198158
60757, -0.018518, -0.073591
60734, -0.028282, -0.035981
60732, -0.022461, 0.020324
60725, -0.027166, -0.122137
60723, -0.019005, 0.001134
60713, -0.021086, 0.008274
60702, -0.019704, 0.002185
60694, -0.022748, 0.013429
60639, -0.026843, -0.012146
60635, -0.022648, -0.078391
60623, -0.023429, 0.063906
60612, -0.018044, -0.095385
60611, -0.024547, -0.010828
60597, -0.028413, -0.029512
60596, -0.017968, -0.031823
60579, -0.023461, 0.039808
60568, -0.023290, 0.040563
60564, -0.023294, 0.040801
60555, -0.023478, 0.040149
60543, -0.023461, 0.040292
60522, -0.023505, 0.040136
60518, -0.017840, 0.006677
60516, -0.023544, 0.040062
60513, -0.022839, 0.041066
60503, -0.023469, 0.040513
60477, -0.020912, -0.030014
60467, -0.019681, -0.000597
60466, -0.020645, -0.018545
60461, -0.027102, -0.014304
60450, -0.024728, -0.104710
60447, -0.026410, 0.044412
60437, -0.028563, -0.012387
60434, -0.024720, -0.047267
60432, -0.020494, -0.146301
60428, -0.022635, -0.001150
60426, -0.019004, -0.003166
60419, -0.024520, -0.143259
60416, -0.019219, -0.036930
60381, -0.024257, -0.010920
60380, -0.027076, 0.049525
60372, -0.020261, -0.132660
60365, -0.017724, 0.040380
60350, -0.023057, -0.007670
60346, -0.021960, -0.050313
60324, -0.026148, -0.215736
60319, -0.023388, -0.044559
60305, -0.024000, -0.045558
60295, -0.027311, -0.100375
60292, -0.018819, -0.045504
60261, -0.023652, -0.021851
60234, -0.019009, -0.133010
60214, -0.017455, 0.090879
60203, -0.021402, -0.004749
60195, -0.019661, -0.044770
60191, -0.026816, -0.205598
60185, -0.028002, -0.214424
60184, -0.023529, -0.051072
60178, -0.021503, -0.173265
60171, -0.027370, -0.043526
60163, -0.025221, -0.006975
60156, -0.022402, -0.040949
60155, -0.018641, -0.014771
60154, -0.026652, 0.011387
60149, -0.024030, 0.029784
60127, -0.024671, -0.057186
60083, -0.027156, -0.161759
60082, -0.021166, -0.060083
60080, -0.017827, 0.097141
60078, -0.018033, -0.240915
60072, -0.019553, -0.240528
60064, -0.022771, -0.104542
60063, -0.023804, -0.187739
60033, -0.024900, -0.149593
60028, -0.023097, -0.018250
60020, -0.026079, -0.087514
60019, -0.026088, -0.088114
59992, -0.018106, -0.060516
59980, -0.018761, -0.041015
59975, -0.025408, 0.016932
59964, -0.019949, 0.105735
59959, -0.018045, -0.195636
59950, -0.024034, -0.085557
59928, -0.027111, -0.017731
59918, -0.024830, -0.190710
59913, -0.024529, -0.106277
59866, -0.010762, -0.017469
59861, -0.009290, -0.251659
59846, -0.014615, 0.049765
59825, -0.011074, 0.043150
59806, -0.010512, 0.028160
59798, -0.010940, -0.064001
59795, -0.013462, -0.027660
59793, -0.015482, -0.197862
59791, -0.009037, -0.015994
59782, -0.008459, -0.064786
59779, -0.011683, -0.078256
59759, -0.013642, -0.040878
59741, -0.013348, -0.159253
59733, -0.008406, -0.011389
59730, -0.010997, -0.081693
59728, -0.016413, 0.066197
59708, -0.016865, -0.004077
59684, -0.011591, -0.019086
59683, -0.013189, -0.021931
59673, -0.011937, -0.019239
59672, -0.010227, 0.003156
59665, -0.008520, 0.009835
59626, -0.017029, -0.013772
59613, -0.012278, 0.037808
59578, -0.007872, 0.021644
59576, -0.009411, 0.069880
59561, -0.009243, 0.059908
59560, -0.008130, 0.065120
59556, -0.010256, 0.001476
59544, -0.016850, -0.127116
59543, -0.012478, -0.137009
59534, -0.009200, 0.087606
59530, -0.010679, 0.013325
59527, -0.011539, 0.068524
59520, -0.015455, 0.048025
59509, -0.007858, 0.117575
59508, -0.015382, 0.019083
59498, -0.016211, 0.033524
59496, -0.015213, -0.059427
59479, -0.007715, -0.052844
59474, -0.014046, -0.032245
59450, -0.008138, -0.059802
59434, -0.013179, 0.030014
59423, -0.010581, -0.071314
59418, -0.008240, 0.014830
59414, -0.013613, -0.026398
59403, -0.013095, -0.183967
59389, -0.009681, 0.036301
59379, -0.009914, 0.008057
59376, -0.010923, -0.005010
59375, -0.013606, 0.029686
59368, -0.008876, 0.045917
59367, -0.012132, 0.150372
59363, -0.012681, -0.205963
59343, -0.007958, -0.085304
59311, -0.009619, -0.282728
59301, -0.014562, -0.251337
59286, -0.009987, -0.108715
59284, -0.013049, 0.021100
59283, -0.008370, -0.048127
59262, -0.009351, 0.032829
59257, -0.016555, -0.017263
59245, -0.015972, 0.024731
59243, -0.008202, 0.010280
59242, -0.011161, 0.169248
59223, -0.015910, 0.004360
59215, -0.016001, -0.207969
59212, -0.014550, -0.016189
59208, -0.008757, 0.011344
59186, -0.014069, -0.081949
59184, -0.013693, -0.084485
59182, -0.016676, 0.021025
59173, -0.013507, -0.105931
59147, -0.016490, -0.168639
59145, -0.014888, -0.011976
59139, -0.014373, -0.097451
59120, -0.010767, 0.022502
59101, -0.010889, -0.072981
59097, -0.008091, -0.050643
59092, -0.015626, 0.008493
59085, -0.010882, 0.017130
59081, -0.009255, 0.020473
59068, -0.011786, -0.079749
59066, -0.012237, 0.001164
59053, -0.015283, 0.021835
59044, -0.012123, 0.047421
59019, -0.009397, 0.000776
58991, -0.011900, -0.064860
58988, -0.008741, -0.011723
58963, -0.010939, -0.003627
58959, -0.013188, -0.034447
58957, -0.011480, -0.010751
58955, -0.011829, -0.011855
58948, -0.010845, 0.042420
58913, -0.010952, -0.037649
58891, -0.010475, 0.024073
58882, -0.015380, 0.069090
58871, 0.002195, -0.065725
58870, -0.005458, -0.165575
58852, -0.004041, -0.184650
58851, -0.002367, 0.054313
58841, 0.000117, -0.542426
58836, -0.000452, 0.037614
58798, -0.003128, -0.024327
58796, -0.000374, -0.064601
58762, -0.002902, 0.033935
58750, -0.007562, -0.032826
58748, -0.000365, -0.070110
58735, -0.003586, -0.038301
58718, 0.000885, 0.083812
58706, -0.001192, -0.056642
58690, -0.004707, -0.094536
58680, -0.001481, 0.065111
58676, -0.000283, 0.010233
58672, -0.006493, -0.068680
58670, -0.004002, 0.012093
58655, -0.005893, 0.022616
58651, 0.000513, -0.032784
58640, -0.001204, 0.061815
58633, 0.002020, -0.025061
58631, -0.001063, 0.058780
58628, 0.002267, -0.013017
58623, -0.005238, -0.056003
58621, -0.001945, -0.034329
58607, 0.003193, -0.074145
58596, -0.004695, 0.019610
58594, -0.007297, -0.185397
58581, -0.006392, 0.054015
58573, -0.002376, -0.048588
58564, -0.001763, 0.091281
58551, -0.002603, 0.014259
58544, -0.006876, 0.025885
58539, 0.000561, -0.069887
58493, -0.006472, 0.114643
58485, -0.003666, 0.057375
58483, 0.000651, 0.000122
58478, 0.000429, -0.097585
58451, -0.000321, 0.010096
58438, -0.001283, -0.055033
58425, -0.002874, 0.061429
58419, -0.007419, 0.066343
58408, 0.001959, 0.091106
58401, -0.006241, 0.079345
58400, -0.000768, 0.036753
58390, 0.002993, 0.049722
58387, 0.003089, 0.006417
58376, -0.002210, 0.004899
58371, -0.003045, -0.032272
58355, -0.006968, 0.017900
58351, -0.004885, 0.021907
58350, -0.001039, 0.049114
58342, -0.006707, 0.053050
58335, -0.005695, 0.046131
58324, -0.001700, -0.213757
58309, 0.002213, -0.020807
58300, -0.001682, -0.133941
58298, 0.001239, -0.055926
58291, -0.006229, -0.028561
58288, -0.002181, -0.250638
58286, -0.002843, -0.005657
58281, 0.002672, -0.239056
58271, -0.002413, 0.049096
58256, 0.002867, -0.005100
58253, -0.005019, -0.111696
58240, -0.001207, -0.006978
58216, -0.001688, -0.038097
58210, -0.006916, 0.026320
58192, 0.002299, -0.097515
58177, -0.000089, 0.011978
58170, -0.003875, -0.021873
58167, 0.002951, -0.087535
58140, 0.001810, 0.062693
58131, -0.004499, 0.050191
58118, 0.000485, -0.029936
58116, 0.001851, -0.133225
58115, -0.004095, -0.131914
58107, 0.001905, 0.003724
58103, 0.000040, -0.004020
58099, -0.005490, 0.025828
58079, 0.002878, 0.007115
58066, -0.002641, 0.014517
58054, -0.007194, -0.034871
58036, -0.006886, -0.049737
58034, -0.004184, 0.034537
57990, -0.006221, 0.086008
57986, -0.001175, -0.021084
57980, 0.002792, 0.099253
57979, 0.000393, -0.059526
57977, -0.007456, -0.014130
57976, -0.007502, -0.027328
57966, -0.001404, -0.063415
57953, 0.000205, 0.012965
57946, -0.003749, -0.022602
57923, 0.000047, -0.220482
57922, -0.000346, -0.073324
57902, -0.003045, 0.067252
57899, -0.002898, 0.043711
57895, -0.003394, -0.079403
57891, -0.007341, 0.114681
57884, -0.005929, -0.020730
57881, 0.001815, 0.169285
57873, 0.008333, -0.065154
57862, 0.003766, -0.047420
57859, 0.013636, -0.056680
57856, 0.013074, -0.003890
57853, 0.003329, -0.065751
57850, 0.004814, -0.138455
57849, 0.012113, -0.138331
57843, 0.005976, 0.044326
57835, 0.011874, -0.363842
57828, 0.006300, 0.093646
57827, 0.003773, 0.064280
57825, 0.013610, 0.035736
57813, 0.011535, 0.138078
57806, 0.006691, 0.118903
57799, 0.012716, 0.159572
57786, 0.013757, -0.071966
57769, 0.010638, -0.007459
57734, 0.006063, 0.116489
57721, 0.005026, 0.085364
57720, 0.012093, 0.000420
57718, 0.007012, 0.003177
57708, 0.006386, -0.000516
57697, 0.007118, -0.083666
57693, 0.009859, 0.039720
57677, 0.006646, 0.013202
57673, 0.014462, 0.003449
57671, 0.003414, -0.003283
57665, 0.011914, -0.008591
57664, 0.004809, 0.086433
57656, 0.011547, 0.037339
57655, 0.010217, 0.000193
57644, 0.011221, 0.118332
57640, 0.006165, 0.089631
57637, 0.006312, 0.038248
57622, 0.014218, -0.294805
57617, 0.003853, 0.003493
57616, 0.007578, 0.009471
57612, 0.006939, -0.002348
57606, 0.012581, 0.032360
57585, 0.008324, 0.030610
57569, 0.003776, -0.059602
57567, 0.009444, -0.002091
57564, 0.008448, 0.121388
57560, 0.013526, 0.030550
57544, 0.004611, -0.076443
57538, 0.009928, -0.034533
57532, 0.009343, 0.034036
57530, 0.012786, 0.011443
57522, 0.012397, 0.045625
57514, 0.011040, 0.068209
57513, 0.012275, 0.093380
57503, 0.007106, 0.036568
57495, 0.004393, 0.096556
57456, 0.013964, 0.076100
57452, 0.008192, 0.060038
57431, 0.008967, 0.043090
57417, 0.011747, 0.001459
57414, 0.007318, -0.062717
57412, 0.004377, -0.018919
57408, 0.008731, 0.012126
57394, 0.013335, 0.073196
57388, 0.010668, -0.093394
57386, 0.014603, 0.006013
57347, 0.004198, 0.028837
57344, 0.007360, 0.007010
57341, 0.007920, -0.055709
57326, 0.003978, -0.012124
57324, 0.009699, 0.086470
57315, 0.011359, -0.237977
57282, 0.010405, -0.096238
57262, 0.008429, 0.086166
57259, 0.007718, -0.128531
57257, 0.004018, -0.009085
57234, 0.011730, 0.002373
57231, 0.011820, -0.148505
57223, 0.007175, 0.017716
57217, 0.007396, 0.003487
57189, 0.013209, 0.055918
57183, 0.014330, 0.067607
57179, 0.014515, 0.030960
57162, 0.012023, 0.038685
57156, 0.010877, -0.045810
57154, 0.008627, -0.113958
57136, 0.006607, -0.121428
57130, 0.007981, -0.164406
57129, 0.010313, -0.022656
57127, 0.004853, 0.069491
57103, 0.006798, -0.218933
57095, 0.010591, -0.072573
57093, 0.003617, -0.240277
57085, 0.008797, -0.084613
57067, 0.009158, 0.011460
57058, 0.010363, 0.001235
57051, 0.013209, 0.018780
57020, 0.003318, 0.015490
57010, 0.014251, 0.039777
56988, 0.010545, -0.015776
56982, 0.008231, -0.222322
56962, 0.004562, 0.099593
56949, 0.013582, 0.008704
56948, 0.008287, -0.114832
56941, 0.014418, -0.053286
56938, 0.010662, -0.066571
56936, 0.014530, -0.208966
56931, 0.011923, -0.095771
56902, 0.012523, 0.065025
56895, 0.005871, 0.065988
56878, 0.009317, 0.090677
56877, 0.004772, 0.090252
56869, 0.023759, -0.017252
56862, 0.023828, 0.036517
56855, 0.015691, 0.027197
56847, 0.015450, 0.119920
56838, 0.020506, 0.017518
56823, 0.015491, -0.016192
56818, 0.022543, -0.104742
56791, 0.020037, 0.029790
56788, 0.015801, -0.002956
56786, 0.023681, 0.019961
56777, 0.024735, 0.011342
56766, 0.015937, -0.058123
56756, 0.016560, 0.054022
56754, 0.020828, -0.020839
56732, 0.022641, 0.063954
56730, 0.018059, 0.099648
56728, 0.019437, 0.139563
56712, 0.015749, -0.121530
56709, 0.022631, 0.018765
56703, 0.021184, 0.057677
56675, 0.022729, 0.139905
56660, 0.024626, -0.038206
56650, 0.017898, 0.110218
56637, 0.020791, -0.021894
56630, 0.019046, 0.033203
56626, 0.018179, 0.122984
56609, 0.016438, 0.075535
56602, 0.014960, -0.104276
56597, 0.024513, 0.049360
56591, 0.015614, 0.025594
56549, 0.018224, -0.005206
56541, 0.019154, -0.031760
56539, 0.015957, 0.096242
56537, 0.017057, -0.065150
56528, 0.014797, -0.106071
56524, 0.022910, -0.016974
56512, 0.016463, -0.042338
56482, 0.020470, 0.069560
56480, 0.017745, 0.060692
56473, 0.017724, 0.060232
56460, 0.022965, 0.150500
56452, 0.024555, 0.100709
56450, 0.017337, 0.078329
56442, 0.017325, 0.057504
56441, 0.016005, 0.077497
56437, 0.021991, -0.063410
56436, 0.016682, 0.131846
56425, 0.024157, 0.062484
56421, 0.020285, 0.081577
56410, 0.018805, 0.071244
56396, 0.016687, 0.055906
56371, 0.014629, 0.063519
56369, 0.023750, -0.013059
56357, 0.020005, 0.071353
56343, 0.022982, 0.036464
56316, 0.018765, -0.200488
56314, 0.019698, 0.115624
56306, 0.018953, 0.088146
56287, 0.024377, -0.000007
56277, 0.023601, -0.023572
56269, 0.016390, 0.083142
56268, 0.019780, 0.006075
56262, 0.022719, 0.021372
56246, 0.024658, 0.223034
56241, 0.019928, 0.064777
56237, 0.019354, -0.058139
56219, 0.021614, -0.048820
56210, 0.017206, -0.000958
56209, 0.024825, 0.011413
56191, 0.022787, 0.049145
56189, 0.017537, 0.053312
56172, 0.016406, -0.162951
56141, 0.021380, -0.054689
56136, 0.023472, -0.021176
56133, 0.017220, 0.058022
56129, 0.021918, 0.110036
56123, 0.020406, -0.032134
56118, 0.022819, 0.029518
56114, 0.019633, -0.158815
56112, 0.016814, 0.112498
56092, 0.017630, -0.201786
56091, 0.021149, -0.145639
56059, 0.016669, -0.037339
56055, 0.022543, 0.046784
56045, 0.018692, -0.039082
56030, 0.023086, -0.028715
56025, 0.023981, 0.022334
56022, 0.024857, 0.024199
56018, 0.021137, 0.018298
56016, 0.016259, 0.074753
55942, 0.023797, 0.039729
55941, 0.024440, 0.093761
55935, 0.015160, 0.089369
55924, 0.023383, 0.055682
55914, 0.016347, 0.145535
55905, 0.022987, 0.037768
55895, 0.018174, 0.067742
55894, 0.022970, 0.037756
55893, 0.022653, 0.067864
55891, 0.023220, 0.065735
55881, 0.022733, 0.099509
55880, 0.017919, 0.121829
55874, 0.034254, -0.025101
55862, 0.030207, -0.004736
55860, 0.033301, 0.043728
55838, 0.030250, -0.282680
55821, 0.033213, -0.193341
55813, 0.026770, 0.125216
55809, 0.025911, 0.130336
55806, 0.033622, 0.137167
55787, 0.027237, -0.055746
55762, 0.032406, 0.015232
55750, 0.033842, 0.075898
55743, 0.029296, 0.028651
55724, 0.025731, 0.101516
55722, 0.028175, 0.126754
55713, 0.027074, 0.038106
55693, 0.034362, 0.074724
55690, 0.026365, 0.034549
55688, 0.032874, 0.047920
55666, 0.030015, 0.052881
55655, 0.033766, 0.069951
55628, 0.031792, 0.029491
55616, 0.031905, 0.030499
55601, 0.032404, -0.033554
55555, 0.033028, 0.034118
55514, 0.032491, -0.070581
55504, 0.025303, -0.018626
55495, 0.026975, -0.032328
55478, 0.030277, 0.040051
55468, 0.032796, 0.040363
55464, 0.032051, 0.077896
55434, 0.024991, -0.010241
55401, 0.032857, 0.068999
55362, 0.030917, 0.080088
55331, 0.029436, 0.061002
55306, 0.030349, -0.041339
55303, 0.031424, 0.021025
55296, 0.034438, -0.056029
55292, 0.029071, 0.055701
55285, 0.032895, 0.061768
55277, 0.025183, 0.048623
55270, 0.027131, 0.031913
55265, 0.032812, -0.037743
55257, 0.034146, 0.242045
55221, 0.027046, 0.015535
55215, 0.032213, 0.011633
55190, 0.033921, 0.012994
55187, 0.028674, 0.043586
55184, 0.027147, -0.022552
55177, 0.031095, -0.021576
55165, 0.032883, -0.017239
55164, 0.025280, -0.144315
55162, 0.033696, -0.005860
55157, 0.033567, 0.050349
55152, 0.030354, 0.029893
55151, 0.032691, 0.080136
55128, 0.031607, 0.122434
55124, 0.029087, 0.123197
55110, 0.033733, 0.045087
55109, 0.024951, -0.132399
55096, 0.032875, -0.064297
55093, 0.029323, -0.010964
55065, 0.025988, 0.012129
55035, 0.026745, -0.269621
55033, 0.030132, 0.060821
55031, 0.029081, 0.074583
55011, 0.027162, 0.091181
55010, 0.029476, 0.044325
55003, 0.030483, 0.069013
54986, 0.033364, 0.159759
54981, 0.032394, -0.047435
54963, 0.031318, 0.105803
54947, 0.025990, -0.012635
54940, 0.027602, 0.012069
54924, 0.030568, 0.045366
54920, 0.033965, 0.028992
54917, 0.033549, 0.026161
54916, 0.026742, 0.055661
54912, 0.031495, 0.057797
54895, 0.026933, 0.008334
54893, 0.025011, 0.101133
54889, 0.033681, 0.243216
54888, 0.024886, 0.063218
54878, 0.041635, -0.028403
54876, 0.043437, -0.305238
54860, 0.035837, -0.005859
54848, 0.040807, 0.134104
54840, 0.037389, -0.239531
54838, 0.036283, 0.157154
54823, 0.040044, 0.069087
54806, 0.040970, 0.085504
54799, 0.043900, -0.044814
54791, 0.035955, 0.008437
54769, 0.037867, 0.140676
54765, 0.037645, 0.052707
54751, 0.043681, 0.118036
54703, 0.040788, 0.036834
54694, 0.040814, 0.079234
54687, 0.039937, 0.058458
54676, 0.040011, 0.053884
54649, 0.035997, -0.008727
54643, 0.035611, 0.047514
54642, 0.035940, 0.031739
54640, 0.037839, 0.064246
54632, 0.041407, -0.029964
54626, 0.042907, 0.030511
54620, 0.036859, 0.123743
54610, 0.042579, 0.069053
54607, 0.042226, 0.063577
54576, 0.042252, 0.064151
54566, 0.037435, 0.023899
54564, 0.039900, 0.042085
54562, 0.042301, 0.023862
54558, 0.042482, 0.065038
54549, 0.043462, 0.129985
54541, 0.036198, -0.011229
54533, 0.041858, 0.145032
54531, 0.035273, 0.076928
54529, 0.042766, 0.130666
54513, 0.038704, 0.178971
54508, 0.034945, 0.042537
54506, 0.040182, 0.133575
54498, 0.043608, 0.040263
54482, 0.040955, 0.063640
54480, 0.040204, 0.074691
54478, 0.042021, -0.114640
54477, 0.034873, 0.033058
54475, 0.038101, 0.046948
54461, 0.040298, 0.074912
54452, 0.040270, -0.049543
54427, 0.036457, 0.080814
54409, 0.039812, 0.030938
54406, 0.039161, 0.082973
54388, 0.041139, 0.017117
54384, 0.035510, -0.054840
54369, 0.040536, 0.092895
54365, 0.037293, 0.015562
54354, 0.043679, 0.054543
54346, 0.043802, -0.164765
54314, 0.043902, 0.002009
54293, 0.039239, -0.039217
54284, 0.043514, 0.030922
54282, 0.040217, 0.080665
54274, 0.041405, 0.062179
54267, 0.035888, -0.284244
54234, 0.035284, -0.126238
54230, 0.040542, 0.041850
54206, 0.035738, 0.005885
54202, 0.042440, -0.110591
54185, 0.040973, -0.162668
54178, 0.042206, 0.052783
54170, 0.038415, 0.111197
54162, 0.038716, 0.005679
54157, 0.038272, 0.053343
54153, 0.040527, 0.088684
54151, 0.041785, 0.110739
54150, 0.035213, -0.049729
54136, 0.043732, 0.135816
54096, 0.043585, -0.060423
54079, 0.040862, 0.040146
54077, 0.037792, -0.002626
54074, 0.042355, 0.029050
54070, 0.041197, -0.026730
54068, 0.037679, 0.019736
54066, 0.041828, 0.046577
54064, 0.043624, 0.010070
54059, 0.037949, 0.009925
54045, 0.041988, 0.074418
54044, 0.043792, 0.031117
54039, 0.043499, 0.081294
54033, 0.039178, 0.023816
54025, 0.042919, 0.138128
54015, 0.041129, -0.007896
54004, 0.036142, 0.005005
53998, 0.041824, 0.086847
53992, 0.037778, 0.078497
53990, 0.037219, 0.036371
53981, 0.040327, 0.046541
53963, 0.042548, 0.080030
53961, 0.043836, 0.165875
53957, 0.038606, -0.069853
53951, 0.040676, -0.020538
53925, 0.043242, 0.062717
53917, 0.035029, 0.058837
53914, 0.035144, 0.062506
53862, 0.053204, 0.055824
53852, 0.053189, 0.095735
53845, 0.049077, 0.108529
53840, 0.049998, 0.074397
53812, 0.048017, 0.138540
53808, 0.047866, 0.048553
53802, 0.047793, 0.237038
53787, 0.048655, -0.031131
53773, 0.049221, 0.101339
53752, 0.045478, 0.033183
53749, 0.046069, 0.028986
53744, 0.045379, 0.037589
53738, 0.049775, 0.085795
53732, 0.048403, 0.097892
53721, 0.049792, 0.073501
53720, 0.047322, 0.058117
53717, 0.048913, -0.112049
53681, 0.049185, 0.127706
53665, 0.046569, 0.013624
53663, 0.045703, -0.165036
53654, 0.047642, 0.097051
53648, 0.050378, 0.066163
53643, 0.050382, -0.051331
53619, 0.052750, -0.171903
53618, 0.051451, 0.108575
53616, 0.050021, 0.105637
53608, 0.049892, 0.084758
53599, 0.046808, 0.050502
53588, 0.045357, 0.157861
53585, 0.045976, 0.054203
53577, 0.051713, 0.032839
53574, 0.050428, 0.071292
53558, 0.045244, 0.073783
53549, 0.049463, 0.078872
53528, 0.047719, -0.020861
53515, 0.047381, 0.054747
53490, 0.044328, 0.034940
53482, 0.045540, 0.158814
53468, 0.044082, 0.081171
53447, 0.047183, 0.102872
53425, 0.046418, 0.073947
53423, 0.046187, 0.062246
53416, 0.051031, 0.066269
53399, 0.049860, 0.049349
53395, 0.050486, 0.047112
53394, 0.049827, 0.052668
53383, 0.049776, 0.081896
53371, 0.046867, 0.077636
53347, 0.046862, 0.048897
53322, 0.049941, 0.022210
53318, 0.044290, -0.154213
53317, 0.046904, 0.169799
53309, 0.045957, -0.209112
53306, 0.050003, 0.120572
53304, 0.045918, 0.063892
53296, 0.046766, -0.118566
53288, 0.045184, 0.038075
53284, 0.047567, -0.088175
53278, 0.048426, 0.087459
53269, 0.048613, 0.078610
53242, 0.052198, 0.100494
53239, 0.048638, 0.002559
53209, 0.044025, -0.105926
53208, 0.053042, -0.119014
53202, 0.050632, 0.037579
53200, 0.052648, 0.027468
53188, 0.046820, 0.030013
53164, 0.051778, 0.092450
53155, 0.048243, -0.100662
53147, 0.046531, 0.065975
53142, 0.048049, 0.115351
53133, 0.049508, -0.101389
53130, 0.051709, 0.127353
53126, 0.047243, 0.127535
53110, 0.047837, -0.142422
53102, 0.044541, -0.386819
53072, 0.045354, 0.056576
53070, 0.047011, 0.011470
53063, 0.044649, 0.119832
53061, 0.044765, 0.058880
53055, 0.048652, 0.079696
53054, 0.050367, 0.079121
53050, 0.044070, 0.005052
53041, 0.049221, 0.005344
53034, 0.048877, -0.068182
53024, 0.052103, 0.075965
53019, 0.047973, 0.036113
53017, 0.046686, 0.183531
52976, 0.046141, 0.032981
52967, 0.050255, 0.074685
52958, 0.044810, 0.082979
52952, 0.046923, 0.028776
52946, 0.050670, 0.071808
52941, 0.049355, -0.056968
52915, 0.051611, 0.054885
52909, 0.045203, 0.058505
52893, 0.051925, 0.047197
52891, 0.046998, 0.063428
52886, 0.057920, -0.069135
52883, 0.054837, 0.018424
52872, 0.061401, 0.033198
52865, 0.056690, 0.253637
52860, 0.058304, 0.057766
52853, 0.054742, 0.106197
52829, 0.061466, 0.086722
52821, 0.059941, 0.160346
52815, 0.056486, 0.152050
52808, 0.060588, 0.178102
52805, 0.056591, 0.091412
52792, 0.057914, 0.125682
52777, 0.054921, -0.059329
52737, 0.060084, 0.116894
52716, 0.058545, 0.104311
52709, 0.055057, 0.048814
52698, 0.060228, 0.172795
52682, 0.055160, 0.067996
52648, 0.056797, -0.047814
52643, 0.056966, 0.046494
52638, 0.054460, 0.050077
52631, 0.060672, -0.039469
52612, 0.060164, 0.077415
52586, 0.061131, 0.117366
52569, 0.060562, 0.053430
52567, 0.054442, 0.055612
52555, 0.061065, 0.076195
52553, 0.053853, 0.052983
52550, 0.060439, 0.057977
52543, 0.054181, 0.012121
52535, 0.056121, 0.119050
52531, 0.061031, -0.032109
52526, 0.058296, 0.177631
52515, 0.057310, 0.072230
52501, 0.060362, 0.179803
52490, 0.054032, 0.047074
52488, 0.058126, 0.064891
52481, 0.058328, 0.155729
52479, 0.059176, 0.117724
52462, 0.056012, 0.066302
52458, 0.056291, 0.211126
52454, 0.061556, 0.124066
52453, 0.058929, 0.132652
52445, 0.061648, 0.120234
52432, 0.053576, 0.106358
52419, 0.056011, 0.086707
52408, 0.057921, -0.025432
52407, 0.054496, 0.014975
52399, 0.058733, 0.098888
52369, 0.057547, 0.154031
52364, 0.054164, 0.068447
52344, 0.060530, 0.047420
52334, 0.060312, -0.053434
52323, 0.056888, 0.105418
52321, 0.056119, 0.124569
52314, 0.056116, 0.095711
52308, 0.054572, 0.109421
52296, 0.054241, 0.108531
52290, 0.061981, 0.129756
52243, 0.061665, 0.049045
52223, 0.056052, 0.088182
52219, 0.061987, 0.072382
52218, 0.061629, -0.047517
52216, 0.057018, 0.121191
52199, 0.057891, 0.148256
52194, 0.057942, 0.165659
52167, 0.061743, -0.011118
52153, 0.058270, 0.066898
52147, 0.059777, -0.054033
52140, 0.056829, 0.082722
52139, 0.056983, 0.087660
52133, 0.054146, -0.082171
52117, 0.057416, 0.051099
52101, 0.054199, -0.276763
52096, 0.058000, -0.159068
52091, 0.056793, -0.050910
52088, 0.055022, 0.083893
52075, 0.059407, -0.385785
52061, 0.059516, 0.054104
52037, 0.060188, 0.000345
52015, 0.054656, -0.022218
52013, 0.061498, -0.100034
51998, 0.053486, 0.055454
51994, 0.061458, 0.145187
51990, 0.060908, 0.131728
51985, 0.054914, 0.056075
51979, 0.058303, 0.201302
51959, 0.060813, 0.217260
51958, 0.058685, 0.019818
51949, 0.060819, 0.084757
51943, 0.059630, 0.092305
51931, 0.054708, 0.087888
51923, 0.054215, 0.026931
51920, 0.057614, 0.146799
51919, 0.056186, 0.134955
51915, 0.060763, 0.119407
51874, 0.064699, 0.107672
51868, 0.062604, 0.102826
51822, 0.064716, 0.111080
51817, 0.065847, 0.154326
51806, 0.066418, 0.093121
51804, 0.063192, 0.051903
51785, 0.066154, 0.056946
51784, 0.067564, 0.113395
51783, 0.066046, 0.024839
51779, 0.062967, 0.136403
51769, 0.067229, 0.044985
51763, 0.067290, 0.057549
51751, 0.062244, 0.112135
51747, 0.066097, 0.122446
51742, 0.062369, 0.058126
51738, 0.068931, -0.142748
51733, 0.068651, 0.072479
51719, 0.064698, 0.176263
51698, 0.068826, 0.130902
51696, 0.064139, 0.095239
51688, 0.063696, 0.073689
51687, 0.065928, 0.107935
51677, 0.068370, 0.176714
51674, 0.064107, 0.043743
51655, 0.062358, -0.020781
51636, 0.065467, 0.055052
51626, 0.066037, 0.018191
51624, 0.067951, 0.165672
51609, 0.063359, 0.204632
51586, 0.068487, 0.081562
51582, 0.066640, 0.110222
51578, 0.065848, 0.057466
51571, 0.067408, 0.106907
51555, 0.062302, 0.053661
51534, 0.063002, 0.182868
51533, 0.063191, 0.178715
51515, 0.068743, 0.108826
51508, 0.067588, 0.099888
51486, 0.066278, 0.112065
51479, 0.068085, 0.064914
51463, 0.068491, 0.087505
51461, 0.065876, 0.136897
51451, 0.065822, 0.065185
51431, 0.063631, 0.040014
51430, 0.069310, 0.093704
51413, 0.069105, 0.097778
51409, 0.063698, 0.070370
51392, 0.063348, 0.052538
51375, 0.062896, 0.134146
51373, 0.062950, 0.088104
51372, 0.066573, 0.067511
51366, 0.066284, 0.092776
51363, 0.065308, 0.086368
51357, 0.062083, 0.069544
51355, 0.067944, 0.101733
51345, 0.066533, -0.051630
51300, 0.067596, 0.081989
51299, 0.064119, 0.061177
51298, 0.067536, 0.159385
51281, 0.062885, 0.066125
51270, 0.065468, 0.190715
51267, 0.068536, 0.109855
51264, 0.062603, 0.062922
51251, 0.065560, 0.097503
51247, 0.065741, -0.037289
51234, 0.065139, -0.058404
51226, 0.063698, 0.128835
51222, 0.068982, 0.086471
51216, 0.066005, 0.068010
51200, 0.064076, 0.072641
51184, 0.065885, 0.040836
51179, 0.066515, 0.067976
51147, 0.063748, 0.049253
51141, 0.066409, 0.093590
51139, 0.063017, -0.083338
51138, 0.066723, 0.093095
51126, 0.067021, 0.079653
51120, 0.064182, 0.124921
51107, 0.063998, 0.086437
51105, 0.066283, -0.168545
51068, 0.067051, 0.025668
51056, 0.064264, 0.159255
51050, 0.065709, -0.017709
51049, 0.068465, 0.002188
51040, 0.066459, 0.136526
51029, 0.065664, 0.136167
51017, 0.062307, 0.086439
51007, 0.064711, -0.308949
51000, 0.066617, 0.080494
50996, 0.062338, 0.032654
50987, 0.066045, 0.099448
50960, 0.063195, 0.088287
50952, 0.067782, -0.022027
50936, 0.062511, 0.067544
50924, 0.063635, 0.084041
50918, 0.068527, 0.096945
50912, 0.068491, 0.086827
50906, 0.067638, 0.046125
50905, 0.064515, 0.105006
50896, 0.066331, 0.266092
50886, 0.072330, -0.038638
50877, 0.071536, -0.071587
50865, 0.072453, 0.126133
50841, 0.069853, -0.002207
50836, 0.076251, 0.100211
50826, 0.072688, 0.110381
50810, 0.071493, 0.132027
50798, 0.076205, 0.157482
50795, 0.074415, 0.058245
50791, 0.070316, 0.168256
50789, 0.072726, 0.091903
50772, 0.070379, 0.066310
50726, 0.069709, 0.130250
50700, 0.075258, 0.131074
50686, 0.074103, 0.246169
50685, 0.073174, 0.141699
50683, 0.073275, 0.142009
50679, 0.071274, 0.027349
50676, 0.075502, 0.092706
50675, 0.071744, 0.113904
50674, 0.072425, 0.131516
50664, 0.073079, 0.086037
50659, 0.074996, 0.071225
50657, 0.071670, 0.053694
50655, 0.073405, 0.147992
50654, 0.072494, -0.085189
50645, 0.069707, 0.074776
50624, 0.073314, 0.052297
50614, 0.073214, 0.128052
50605, 0.069441, 0.038800
50603, 0.076332, 0.197615
50601, 0.070444, 0.081567
50585, 0.070686, 0.127164
50578, 0.073158, 0.076247
50566, 0.076114, 0.038504
50543, 0.076042, 0.191369
50512, 0.072277, 0.147263
50491, 0.069361, 0.078999
50470, 0.072898, 0.055954
50465, 0.072535, 0.081972
50452, 0.070667, 0.122825
50450, 0.070397, 0.071209
50446, 0.071424, 0.173087
50443, 0.071575, 0.076910
50427, 0.075369, 0.143538
50401, 0.076118, 0.121475
50395, 0.074581, 0.077370
50392, 0.074882, 0.089134
50391, 0.071547, 0.053892
50369, 0.069570, 0.122298
50363, 0.070870, -0.007919
50360, 0.075904, 0.058972
50352, 0.073541, 0.086761
50334, 0.075878, 0.095457
50333, 0.076149, 0.059714
50330, 0.072220, -0.244429
50317, 0.072246, 0.097868
50315, 0.074165, -0.112652
50301, 0.070128, 0.099675
50296, 0.076131, -0.047739
50286, 0.074369, 0.088180
50272, 0.070396, 0.110239
50253, 0.072641, 0.037030
50248, 0.069819, 0.104791
50243, 0.070260, 0.188347
50239, 0.070282, 0.063549
50225, 0.071140, 0.161945
50220, 0.072951, 0.071182
50203, 0.073958, 0.059829
50187, 0.070451, 0.062663
50177, 0.075008, 0.131407
50168, 0.072275, 0.166749
50163, 0.074941, 0.183619
50151, 0.073242, 0.074882
50113, 0.075130, 0.009717
50096, 0.072867, 0.029560
50090, 0.070147, 0.013296
50049, 0.076102, 0.066766
50031, 0.074509, 0.095281
50027, 0.072246, 0.109949
50020, 0.070238, 0.101631
50019, 0.073113, 0.114606
50017, 0.075345, 0.065860
50009, 0.076261, 0.172526
49984, 0.073758, 0.093259
49983, 0.071238, 0.065814
49925, 0.074985, 0.088088
49920, 0.074811, 0.093768
49889, 0.080178, 0.069003
49866, 0.080401, 0.111845
49842, 0.083835, 0.092660
49837, 0.077446, 0.063491
49835, 0.080020, 0.095507
49828, 0.080371, 0.139301
49823, 0.080673, 0.157310
49789, 0.083490, 0.109639
49752, 0.082602, 0.141941
49751, 0.081585, 0.113987
49732, 0.079103, 0.073028
49729, 0.078914, 0.068206
49723, 0.077022, 0.142301
49722, 0.078751, 0.075538
49721, 0.080136, 0.151623
49716, 0.080239, 0.144118
49712, 0.078935, 0.130939
49700, 0.081582, 0.121755
49693, 0.078608, 0.056621
49665, 0.078806, 0.100390
49655, 0.076658, 0.108860
49649, 0.080715, 0.043472
49634, 0.076690, 0.161749
49624, 0.082462, 0.086226
49623, 0.080133, 0.049462
49606, 0.083085, 0.143712
49594, 0.079927, 0.069896
49593, 0.078710, 0.104661
49569, 0.082349, 0.118344
49563, 0.076833, 0.133331
49546, 0.076572, 0.020427
49536, 0.077103, 0.164451
49523, 0.083286, 0.110878
49522, 0.082509, 0.098495
49514, 0.077602, 0.201879
49501, 0.080089, 0.073667
49490, 0.079492, 0.008575
49476, 0.079893, 0.101727
49474, 0.079972, 0.104234
49466, 0.082459, 0.133599
49454, 0.083096, 0.063311
49453, 0.082147, 0.066677
49451, 0.076898, 0.093988
49442, 0.079444, 0.117751
49441, 0.081378, 0.134100
49426, 0.079051, 0.178427
49421, 0.083779, 0.050965
49406, 0.077090, 0.139738
49391, 0.083167, 0.138926
49389, 0.076980, 0.127950
49383, 0.077861, -0.049259
49369, 0.081824, 0.220698
49366, 0.081561, 0.024672
49362, 0.080478, 0.121407
49347, 0.079957, 0.114018
49338, 0.081676, 0.000947
49334, 0.076717, 0.120904
49332, 0.082132, 0.080664
49313, 0.076699, 0.137571
49305, 0.081197, 0.098795
49284, 0.082782, 0.121896
49259, 0.078449, 0.157226
49256, 0.079515, 0.053914
49243, 0.078456, 0.064351
49225, 0.077086, 0.196380
49222, 0.080236, 0.140673
49205, 0.079266, 0.150315
49198, 0.081229, 0.037260
49171, 0.078525, -0.041590
49156, 0.081663, 0.097053
49143, 0.082690, 0.088910
49139, 0.081298, 0.111132
49137, 0.080951, 0.119140
49133, 0.081593, 0.134981
49110, 0.079925, -0.114996
49084, 0.078182, -0.255454
49082, 0.079353, -0.194178
49080, 0.082294, -0.025832
49076, 0.078975, -0.129337
49071, 0.079765, 0.085985
49065, 0.082156, 0.111627
49031, 0.082882, -0.029896
49028, 0.083075, -0.029200
49024, 0.076626, 0.149090
49017, 0.079288, 0.067671
49015, 0.079948, 0.107863
49014, 0.082493, 0.107804
49013, 0.076895, 0.065202
48996, 0.080252, 0.104683
48992, 0.078060, 0.121897
48986, 0.082651, 0.133787
48974, 0.079597, 0.075416
48971, 0.077361, 0.064604
48955, 0.081696, 0.055752
48953, 0.078676, 0.055706
48946, 0.078891, 0.102566
48918, 0.083473, 0.100535
48909, 0.078236, 0.173470
48892, 0.089522, -0.167483
48887, 0.089371, 0.078601
48866, 0.090088, -0.348794
48845, 0.086256, 0.112228
48840, 0.087668, 0.076603
48834, 0.088297, 0.122501
48820, 0.085315, 0.123804
48805, 0.086180, 0.111245
48802, 0.085996, 0.089597
48781, 0.087813, 0.091575
48778, 0.090772, 0.094769
48775, 0.086563, 0.075922
48769, 0.084868, 0.050803
48763, 0.087648, 0.078155
48748, 0.089707, 0.114596
48747, 0.089861, 0.127484
48742, 0.089740, 0.095951
48717, 0.091031, 0.120154
48700, 0.089370, 0.120961
48696, 0.086545, 0.162810
48690, 0.087735, 0.103287
48661, 0.088150, 0.052331
48651, 0.091688, 0.089479
48645, 0.087367, 0.068125
48612, 0.085222, 0.064817
48587, 0.089941, 0.063643
48586, 0.089143, 0.092316
48585, 0.088117, 0.101772
48568, 0.088870, 0.141117
48551, 0.091600, 0.151690
48539, 0.084813, -0.036636
48535, 0.091195, 0.067179
48528, 0.089336, 0.021527
48516, 0.089949, 0.176507
48502, 0.086753, 0.164129
48492, 0.090039, 0.127001
48478, 0.089671, 0.152871
48470, 0.086266, 0.122831
48442, 0.085190, 0.121756
48433, 0.089360, 0.090144
48425, 0.089670, 0.140163
48422, 0.089771, 0.092166
48408, 0.090985, 0.075988
48400, 0.090918, 0.033199
48383, 0.090769, 0.108845
48380, 0.089794, 0.172866
48358, 0.088790, 0.074085
48349, 0.089916, 0.131907
48340, 0.091548, 0.114962
48334, 0.086532, 0.160981
48332, 0.089096, 0.116415
48312, 0.086086, 0.116749
48309, 0.089740, -0.020379
48293, 0.091063, 0.107268
48285, 0.089306, 0.123511
48280, 0.090107, -0.045772
48277, 0.084606, 0.165442
48269, 0.090942, 0.098650
48264, 0.085009, 0.128983
48249, 0.091258, 0.130357
48210, 0.088909, 0.073771
48200, 0.085226, 0.186091
48192, 0.084179, 0.169150
48189, 0.085165, 0.071778
48179, 0.091255, 0.108922
48178, 0.085657, 0.092709
48149, 0.086240, 0.115095
48069, 0.088415, 0.122459
48065, 0.089692, 0.027356
48053, 0.085523, 0.150060
48047, 0.090826, 0.176294
48036, 0.087833, -0.196098
48027, 0.089677, 0.106963
48026, 0.088327, 0.104240
48015, 0.089127, 0.063952
48013, 0.090324, 0.119208
48011, 0.089170, 0.116203
48005, 0.090304, 0.067436
48004, 0.084364, 0.116108
48002, 0.085198, 0.094242
47996, 0.085960, 0.116979
47976, 0.085171, 0.148920
47966, 0.085943, 0.095311
47960, 0.088933, 0.076263
47953, 0.084146, 0.101353
47941, 0.088888, 0.012817
47934, 0.087196, 0.110796
47925, 0.085081, 0.083401
47908, 0.087374, -0.036455
47900, 0.085944, 0.089508
47886, 0.096085, 0.102629
47885, 0.097338, 0.069630
47882, 0.097068, 0.083951
47877, 0.093524, 0.152544
47861, 0.093110, 0.170909
47855, 0.092426, 0.109100
47840, 0.092154, 0.062800
47812, 0.093473, 0.091655
47804, 0.098254, 0.204879
47766, 0.097317, 0.144077
47758, 0.096343, 0.154623
47738, 0.093164, 0.057313
47737, 0.091898, 0.133431
47732, 0.097955, 0.020419
47730, 0.096498, 0.062227
47727, 0.095147, 0.157316
47708, 0.093319, 0.117054
47669, 0.098001, 0.143237
47657, 0.097685, 0.163708
47651, 0.096954, 0.081562
47644, 0.091983, 0.110657
47637, 0.096885, 0.116843
47631, 0.098038, 0.109139
47615, 0.098340, 0.238555
47599, 0.094533, 0.140347
47583, 0.096572, 0.174272
47572, 0.097141, 0.065108
47567, 0.092976, 0.163987
47552, 0.098393, 0.062114
47547, 0.096271, 0.017622
47533, 0.094708, 0.111825
47532, 0.093948, 0.120120
47530, 0.097753, 0.014871
47515, 0.094993, 0.107918
47511, 0.093165, 0.126189
47505, 0.097066, 0.091038
47499, 0.097494, 0.087031
47478, 0.098228, 0.103843
47471, 0.093304, 0.129534
47463, 0.097531, 0.068301
47444, 0.093127, 0.097564
47434, 0.096110, 0.019988
47426, 0.094836, 0.104683
47421, 0.096681, 0.128758
47420, 0.096691, 0.112702
47415, 0.097242, 0.070170
47355, 0.096646, 0.052593
47348, 0.093270, 0.122417
47343, 0.094549, 0.152833
47340, 0.095446, 0.119487
47334, 0.097524, 0.112040
47311, 0.097928, 0.073245
47310, 0.096692, 0.148632
47308, 0.093516, -0.187310
47298, 0.092510, 0.070375
47285, 0.095172, 0.112911
47278, 0.098418, 0.135974
47271, 0.093171, 0.054777
47266, 0.093222, 0.081585
47259, 0.091843, 0.114871
47246, 0.097261, 0.159309
47243, 0.096515, 0.066903
47241, 0.097265, 0.022807
47240, 0.093646, 0.027995
47223, 0.097138, 0.101420
47221, 0.091811, 0.117795
47212, 0.096185, 0.090866
47210, 0.094833, -0.039043
47209, 0.097860, 0.101122
47177, 0.092653, 0.139523
47152, 0.096942, 0.134187
47135, 0.095431, 0.103907
47123, 0.096781, 0.158621
47120, 0.092794, 0.116999
47118, 0.097342, 0.134234
47115, 0.097292, 0.117616
47099, 0.093741, 0.123275
47084, 0.093377, 0.076266
47067, 0.095518, 0.073567
47066, 0.096016, 0.179336
47064, 0.093292, 0.154097
47042, 0.096161, 0.086994
47040, 0.097423, 0.031645
47034, 0.095115, 0.022057
47026, 0.094914, 0.134986
47021, 0.095035, -0.053831
47012, 0.095639, 0.143598
46999, 0.097028, 0.048712
46988, 0.096391, 0.094729
46987, 0.096322, 0.096881
46979, 0.092192, 0.119576
46976, 0.095722, 0.088213
46965, 0.098198, 0.156638
46964, 0.094409, 0.086193
46955, 0.097971, -0.108773
46952, 0.092591, -0.133876
46948, 0.094276, 0.104873
46944, 0.097471, 0.096329
46940, 0.091823, 0.108106
46936, 0.092714, 0.097486
46935, 0.095174, 0.118148
46932, 0.092800, 0.103371
46895, 0.092654, 0.047570
46890, 0.100014, 0.017210
46886, 0.103127, 0.008231
46877, 0.099201, 0.063950
46852, 0.103492, 0.044761
46836, 0.098817, 0.069551
46834, 0.100748, 0.128001
46826, 0.103838, 0.151542
46821, 0.104799, 0.104866
46819, 0.104260, 0.163547
46816, 0.101975, 0.146518
46815, 0.100667, 0.132659
46806, 0.104873, 0.070881
46805, 0.098942, 0.261163
46789, 0.101154, 0.132955
46786, 0.099771, 0.165292
46780, 0.103535, 0.142145
46774, 0.101991, 0.122147
46758, 0.100474, 0.063740
46728, 0.102694, 0.162391
46716, 0.099286, 0.093668
46687, 0.101112, 0.176204
46684, 0.103354, 0.124721
46676, 0.099549, 0.081847
46651, 0.100855, 0.254598
46629, 0.102739, 0.127207
46628, 0.101819, 0.137441
46622, 0.099626, 0.134244
46606, 0.102018, 0.090872
46605, 0.103736, 0.228098
46584, 0.099386, 0.090756
46564, 0.098629, 0.123704
46553, 0.102298, 0.125767
46539, 0.104607, 0.132956
46535, 0.103228, 0.129316
46487, 0.099189, -0.052181
46479, 0.102589, 0.045043
46470, 0.098929, 0.092608
46462, 0.100691, 0.071653
46453, 0.104718, 0.053028
46451, 0.104720, -0.001868
46406, 0.100955, 0.117135
46401, 0.099949, 0.152576
46374, 0.103658, 0.110264
46366, 0.103899, 0.113732
46349, 0.102250, 0.111281
46346, 0.099744, 0.143870
46341, 0.100557, 0.101981
46340, 0.104825, 0.095158
46335, 0.104630, 0.114384
46326, 0.103308, -0.145161
46314, 0.104096, -0.072350
46313, 0.103711, 0.008753
46302, 0.101760, 0.122173
46296, 0.100583, -0.339046
46284, 0.102065, 0.094605
46274, 0.102642, 0.082741
46273, 0.104342, 0.130581
46271, 0.099206, 0.139568
46267, 0.101003, -0.119238
46226, 0.104892, 0.096343
46221, 0.104435, 0.025826
46193, 0.101713, 0.127884
46188, 0.099868, -0.080250
46165, 0.101107, 0.129531
46164, 0.102300, 0.130245
46158, 0.104173, 0.066718
46150, 0.100230, 0.127580
46119, 0.101782, 0.119382
46113, 0.100490, 0.135893
46105, 0.102562, 0.135528
46100, 0.102214, 0.105032
46094, 0.103030, 0.110962
46081, 0.100156, -0.051932
46079, 0.103991, 0.138722
46073, 0.104625, -0.025187
46068, 0.101726, 0.200557
46038, 0.102332, 0.097518
46036, 0.100963, 0.092004
46030, 0.099822, 0.141883
46029, 0.101507, -0.284184
46021, 0.099114, 0.141723
46014, 0.099098, 0.152083
45998, 0.100295, 0.191259
45990, 0.103830, -0.071018
45982, 0.099013, 0.076646
45956, 0.099148, 0.126816
45943, 0.102507, 0.018126
45940, 0.098798, 0.136559
45938, 0.103239, 0.114615
45935, 0.101475, 0.103986
45929, 0.102896, 0.091730
45918, 0.101585, 0.105622
45904, 0.099284, 0.179512
45899, 0.100964, 0.153029
45897, 0.100992, 0.049276
45881, 0.107755, 0.116673
45859, 0.109213, 0.136175
45854, 0.108148, 0.138771
45809, 0.108597, 0.099024
45789, 0.105864, 0.121782
45777, 0.108921, -0.110643
45772, 0.107531, 0.126383
45769, 0.106221, 0.124131
45763, 0.107596, 0.112076
45762, 0.109203, 0.054645
45718, 0.108704, 0.123160
45715, 0.110764, 0.090927
45705, 0.105815, 0.065533
45696, 0.109166, 0.048033
45685, 0.108979, 0.216451
45669, 0.108215, 0.140899
45652, 0.111273, 0.096558
45639, 0.111333, 0.182376
45633, 0.106815, 0.098800
45626, 0.108389, 0.102946
45613, 0.111147, 0.113373
45587, 0.106418, 0.051654
45575, 0.111351, 0.133025
45574, 0.109719, 0.152659
45567, 0.105208, 0.113174
45543, 0.107926, 0.077411
45528, 0.106065, 0.155625
45511, 0.105843, 0.092102
45488, 0.111034, 0.141466
45486, 0.108014, 0.069803
45438, 0.105692, 0.062424
45435, 0.110692, 0.212446
45426, 0.109164, 0.086157
45418, 0.110283, 0.108764
45417, 0.110190, 0.122038
45401, 0.106982, 0.067921
45400, 0.109624, 0.042260
45393, 0.111261, 0.136140
45386, 0.105565, 0.121508
45385, 0.108339, 0.061479
45338, 0.106294, 0.168305
45330, 0.110612, 0.158066
45328, 0.109096, 0.047003
45311, 0.106729, -0.141972
45280, 0.105361, 0.068988
45274, 0.109961, 0.109691
45252, 0.109914, 0.101315
45229, 0.110843, 0.097334
45221, 0.108772, 0.113547
45211, 0.106220, 0.077657
45200, 0.108786, -0.179170
45193, 0.109519, -0.104166
45185, 0.107413, 0.127307
45176, 0.110847, 0.100939
45168, 0.109183, 0.198134
45154, 0.108813, -0.097482
45152, 0.107499, 0.046002
45149, 0.109504, 0.133287
45118, 0.108505, 0.149684
45117, 0.105911, 0.055360
45107, 0.110082, 0.146769
45101, 0.110983, 0.124072
45092, 0.109191, 0.095304
45079, 0.107600, -0.112078
45076, 0.111254, -0.106611
45074, 0.105634, -0.114701
45069, 0.108426, -0.288565
45066, 0.110347, 0.089181
45062, 0.108414, 0.020554
45061, 0.105368, 0.012397
45058, 0.106558, 0.234353
45054, 0.107242, 0.063031
45050, 0.109706, 0.133011
45029, 0.107119, 0.168793
45015, 0.108868, 0.092373
45008, 0.108335, 0.150335
44995, 0.105486, 0.148806
44987, 0.106527, 0.101176
44974, 0.105170, 0.146753
44955, 0.111000, 0.140293
44933, 0.107517, 0.117360
44907, 0.110195, 0.251544
44900, 0.108002, 0.081347
44899, 0.105296, 0.262730
44893, 0.112213, -0.087646
44890, 0.111516, -0.034063
44856, 0.116655, 0.196280
44848, 0.113852, 0.111892
44835, 0.111751, 0.113559
44831, 0.117188, 0.098396
44830, 0.116142, 0.130144
44825, 0.114494, 0.087237
44797, 0.111723, 0.116694
44777, 0.114153, 0.133375
44774, 0.114645, -0.062262
44761, 0.111755, 0.074665
44741, 0.112494, 0.171491
44737, 0.112457, 0.146707
44734, 0.114018, 0.111333
44721, 0.116148, 0.102607
44712, 0.115141, 0.172216
44703, 0.113360, 0.171982
44689, 0.112802, 0.117455
44671, 0.113119, 0.144781
44654, 0.114427, 0.130662
44638, 0.115718, 0.198340
44635, 0.115872, 0.181814
44629, 0.114263, 0.074168
44627, 0.111976, 0.115173
44625, 0.112911, -0.056437
44603, 0.116655, 0.177779
44600, 0.115385, 0.107466
44599, 0.112351, 0.253392
44597, 0.114715, 0.016962
44582, 0.113455, 0.125624
44557, 0.112387, 0.105837
44539, 0.114552, 0.115561
44519, 0.114141, 0.156626
44509, 0.113388, 0.080294
44508, 0.113338, 0.116598
44477, 0.114561, 0.092856
44460, 0.111600, 0.123712
44444, 0.113551, 0.112326
44429, 0.112085, 0.166809
44422, 0.114325, 0.141061
44411, 0.115963, 0.123916
44401, 0.116432, 0.116165
44396, 0.113734, 0.233194
44371, 0.112799, -0.073132
44365, 0.115775, 0.147167
44347, 0.112880, 0.175705
44341, 0.114006, 0.138699
44336, 0.116736, 0.154446
44334, 0.115325, 0.066023
44321, 0.114439, 0.151529
44311, 0.114526, 0.061396
44295, 0.112512, 0.198009
44293, 0.116575, 0.155875
44286, 0.115746, 0.131207
44280, 0.111529, 0.161276
44269, 0.116357, 0.142206
44264, 0.114826, 0.153858
44255, 0.115810, 0.091543
44247, 0.112877, 0.059043
44243, 0.114389, 0.097795
44232, 0.111866, 0.070207
44202, 0.114870, -0.129058
44181, 0.111596, 0.082420
44177, 0.116665, 0.168226
44173, 0.111470, 0.128105
44167, 0.116794, 0.034627
44157, 0.113777, 0.108795
44154, 0.115466, 0.143499
44150, 0.113055, 0.134773
44130, 0.113169, 0.194721
44110, 0.111951, -0.070358
44100, 0.116867, 0.030016
44093, 0.112515, 0.007645
44081, 0.115183, 0.147506
44049, 0.112861, 0.134442
44033, 0.115805, 0.126551
44029, 0.111535, 0.211954
44023, 0.116103, 0.122224
44010, 0.112206, 0.192765
44006, 0.117102, 0.201525
43993, 0.112876, 0.132802
43992, 0.115805, -0.011605
43974, 0.111679, 0.113891
43968, 0.115768, 0.121999
43964, 0.115778, 0.119800
43943, 0.111930, 0.117533
43921, 0.116706, 0.138289
43919, 0.116046, 0.135249
43909, 0.113129, 0.160598
43880, 0.121360, 0.129609
43868, 0.117920, 0.110562
43867, 0.121368, 0.185988
43854, 0.120830, 0.125581
43842, 0.122478, 0.152816
43841, 0.118994, 0.162855
43836, 0.122707, 0.096275
43832, 0.120676, 0.126953
43810, 0.120557, 0.109934
43809, 0.120394, 0.095810
43802, 0.117370, 0.133383
43793, 0.121811, 0.122351
43775, 0.117666, 0.014696
43772, 0.122543, 0.163160
43749, 0.118694, 0.134491
43746, 0.122738, 0.124981
43744, 0.119594, 0.106901
43740, 0.120462, 0.056582
43738, 0.122899, 0.148731
43710, 0.119423, 0.177195
43706, 0.120996, 0.060127
43702, 0.118279, 0.125791
43700, 0.122984, 0.110733
43681, 0.118143, 0.120932
43672, 0.122024, 0.169684
43671, 0.117828, 0.149533
43624, 0.118491, 0.170575
43591, 0.117274, 0.180866
43571, 0.118902, 0.116651
43552, 0.118743, 0.134511
43532, 0.122286, 0.164404
43499, 0.117677, 0.142132
43491, 0.122136, 0.110082
43488, 0.122034, 0.179267
43479, 0.121971, 0.094148
43467, 0.121585, -0.032807
43466, 0.117879, 0.141073
43461, 0.123039, 0.127039
43460, 0.117573, 0.118893
43459, 0.119614, 0.141154
43456, 0.120568, 0.116602
43452, 0.119305, 0.168445
43441, 0.121020, 0.182130
43425, 0.118446, 0.064156
43422, 0.123078, 0.124386
43414, 0.117345, 0.117458
43407, 0.121721, 0.043664
43404, 0.120981, 0.120084
43383, 0.118850, 0.146082
43379, 0.118217, 0.153074
43376, 0.118234, 0.103339
43368, 0.121653, 0.157347
43364, 0.119051, 0.148129
43324, 0.120561, 0.102103
43320, 0.118176, 0.054120
43311, 0.119041, -0.075838
43281, 0.118231, 0.106145
43278, 0.121977, 0.154075
43272, 0.120986, 0.200416
43253, 0.121795, 0.175433
43252, 0.120669, 0.093087
43246, 0.119784, 0.013582
43240, 0.122438, 0.167182
43238, 0.119005, 0.132156
43232, 0.120920, -0.091277
43231, 0.117260, 0.043942
43208, 0.119389, 0.129422
43199, 0.119691, 0.101903
43189, 0.117679, -0.140164
43178, 0.119615, -0.186612
43158, 0.120137, 0.164754
43154, 0.118287, 0.153908
43139, 0.117826, 0.099054
43131, 0.123007, 0.151121
43119, 0.117713, -0.298208
43102, 0.120213, 0.138913
43092, 0.123043, 0.133201
43088, 0.118799, 0.130246
43076, 0.117968, 0.182479
43062, 0.119868, 0.140007
43059, 0.118873, 0.101252
43056, 0.119204, 0.166917
43046, 0.119138, 0.063555
43032, 0.122658, 0.150723
42997, 0.117685, 0.118354
42990, 0.119861, 0.108144
42976, 0.121275, 0.154038
42957, 0.121624, 0.124401
42951, 0.120298, 0.124790
42943, 0.120016, 0.130554
42941, 0.118227, 0.129079
42937, 0.121779, 0.151701
42931, 0.119697, 0.165769
42916, 0.118459, 0.130674
42890, 0.127551, 0.138485
42886, 0.124734, 0.230720
42885, 0.127669, 0.073502
42874, 0.126454, 0.205855
42867, 0.128857, 0.114358
42863, 0.126580, -0.466654
42852, 0.126491, 0.108609
42851, 0.124888, 0.146436
42850, 0.128916, 0.109662
42842, 0.124571, 0.146481
42833, 0.127626, 0.214606
42826, 0.128257, 0.150130
42820, 0.127699, 0.188278
42818, 0.126887, 0.092157
42816, 0.125676, 0.125055
42813, 0.124196, 0.202829
42768, 0.127284, 0.114150
42755, 0.125421, 0.095247
42749, 0.127720, 0.192114
42742, 0.126187, 0.121543
42741, 0.127954, 0.120176
42717, 0.127129, 0.110435
42710, 0.127562, 0.169550
42709, 0.124536, 0.180022
42701, 0.124181, 0.174870
42695, 0.124314, 0.114517
42691, 0.128615, 0.148560
42685, 0.128795, 0.124209
42672, 0.123324, 0.137674
42670, 0.127298, 0.138488
42652, 0.126474, 0.051014
42650, 0.127433, 0.093387
42624, 0.127126, 0.107791
42599, 0.128652, 0.119936
42581, 0.127934, 0.134250
42574, 0.127500, 0.106071
42562, 0.126728, 0.113363
42548, 0.128307, 0.139648
42546, 0.123472, 0.202041
42543, 0.128616, 0.209776
42532, 0.125185, 0.199800
42519, 0.124386, 0.136485
42516, 0.125103, 0.106709
42515, 0.128924, 0.164508
42480, 0.123560, 0.186340
42477, 0.125864, 0.193635
42458, 0.123222, 0.132869
42445, 0.124651, 0.122220
42432, 0.124155, 0.127786
42431, 0.125743, 0.144909
42430, 0.128509, 0.137916
42426, 0.129020, 0.117362
42412, 0.126515, 0.134602
42407, 0.124057, 0.173606
42393, 0.126228, 0.070769
42388, 0.128936, 0.133623
42382, 0.127444, 0.158812
42375, 0.126167, 0.186241
42374, 0.127076, 0.136885
42372, 0.123504, 0.155723
42370, 0.125282, 0.209530
42368, 0.127136, 0.137890
42367, 0.125864, 0.156331
42360, 0.128245, 0.155526
42351, 0.127058, 0.168961
42345, 0.127313, 0.136507
42341, 0.123954, 0.132032
42339, 0.127591, 0.153985
42329, 0.126073, 0.178217
42323, 0.127685, 0.199664
42302, 0.127614, 0.119403
42275, 0.125385, -0.191739
42271, 0.124563, 0.140226
42270, 0.123509, -0.087442
42263, 0.125793, 0.034453
42257, 0.124920, 0.134995
42249, 0.124777, 0.131044
42221, 0.125856, 0.123275
42217, 0.128666, 0.160887
42210, 0.123552, -0.046128
42196, 0.127050, 0.142846
42195, 0.126306, 0.124741
42190, 0.124506, 0.080784
42183, 0.125910, -0.049633
42171, 0.124464, 0.182996
42160, 0.125815, 0.152032
42155, 0.125005, 0.161310
42143, 0.128541, 0.134465
42138, 0.123412, 0.125957
42121, 0.124027, 0.150696
42114, 0.128756, 0.101875
42092, 0.126677, 0.180638
42091, 0.127411, 0.135288
42086, 0.125890, 0.135971
42084, 0.124684, 0.150095
42075, 0.126672, -0.045568
42072, 0.127410, 0.145953
42054, 0.124141, 0.130815
42048, 0.123326, 0.146010
42042, 0.125446, 0.024528
42041, 0.124079, 0.126468
42006, 0.125535, 0.160701
42005, 0.125125, 0.119897
42001, 0.125352, 0.129200
41986, 0.124432, 0.155193
41985, 0.125994, 0.182246
41983, 0.124076, 0.140892
41981, 0.123508, 0.157432
41951, 0.124178, 0.078515
41945, 0.126130, 0.127085
41943, 0.125871, 0.123411
41937, 0.126003, 0.120597
41928, 0.126071, 0.127049
41926, 0.125942, 0.126887
41915, 0.128940, 0.212678
41908, 0.129024, 0.182813
41903, 0.123905, 0.154108
41900, 0.128734, -0.005599
41898, 0.128726, 0.221629
41880, 0.131200, 0.133251
41874, 0.132964, 0.239770
41866, 0.131678, 0.131589
41865, 0.131159, 0.121143
41848, 0.132027, 0.213119
41830, 0.133244, 0.090418
41827, 0.129310, 0.161759
41810, 0.131141, 0.135537
41806, 0.132343, 0.176103
41799, 0.129663, 0.149390
41788, 0.129238, 0.156058
41784, 0.132389, 0.201982
41775, 0.132095, 0.135901
41765, 0.133662, 0.132997
41761, 0.129696, 0.175703
41760, 0.129517, 0.161026
41758, 0.130934, 0.167957
41755, 0.131028, 0.166537
41744, 0.130965, 0.168256
41732, 0.130992, 0.168755
41699, 0.129837, 0.086423
41685, 0.133664, 0.158395
41675, 0.132594, 0.168310
41661, 0.130796, 0.166927
41646, 0.130821, 0.166446
41630, 0.130848, 0.166603
41627, 0.130554, 0.166620
41614, 0.130808, 0.166516
41611, 0.130854, 0.166698
41602, 0.131143, 0.092245
41567, 0.132690, 0.077986
41566, 0.130709, 0.142611
41544, 0.129878, 0.140900
41535, 0.133086, 0.182227
41532, 0.132487, 0.137356
41499, 0.131415, 0.100282
41488, 0.132440, 0.128864
41484, 0.133047, 0.157598
41481, 0.131937, 0.145628
41477, 0.131962, 0.098409
41472, 0.129441, 0.144507
41465, 0.131514, 0.150444
41452, 0.129621, 0.132430
41448, 0.130789, 0.152591
41439, 0.133299, 0.274380
41437, 0.130509, 0.197272
41436, 0.130638, 0.151031
41431, 0.131215, 0.135345
41430, 0.130760, 0.166948
41420, 0.132933, 0.295077
41415, 0.131972, 0.150787
41381, 0.132295, 0.142202
41372, 0.132768, 0.172605
41368, 0.132705, 0.156357
41350, 0.129554, 0.137734
41346, 0.132199, 0.172917
41345, 0.131579, 0.120648
41342, 0.130464, 0.213536
41337, 0.129795, 0.153704
41330, 0.130772, 0.161109
41329, 0.133592, 0.140227
41308, 0.131891, 0.212084
41275, 0.131570, 0.165610
41267, 0.129209, 0.167013
41262, 0.130681, 0.152262
41260, 0.131273, 0.067729
41252, 0.130755, 0.127233
41248, 0.131848, 0.197572
41197, 0.131253, 0.131504
41185, 0.130951, 0.117875
41183, 0.130060, 0.144639
41178, 0.133558, 0.093848
41154, 0.131291, 0.007614
41139, 0.130410, 0.137464
41135, 0.133184, 0.133767
41112, 0.133048, 0.223742
41096, 0.131299, 0.143108
41093, 0.132140, 0.157808
41089, 0.132023, 0.107966
41074, 0.132132, 0.163612
41060, 0.130342, 0.087635
41053, 0.130940, 0.132611
41051, 0.131926, 0.168966
41042, 0.131583, 0.166806
41030, 0.131306, 0.113811
41015, 0.133237, 0.183883
40991, 0.129166, 0.143444
40990, 0.131214, 0.187223
40988, 0.133284, 0.144444
40983, 0.132648, 0.077844
40973, 0.132977, 0.089913
40952, 0.132194, 0.134594
40946, 0.131819, 0.116123
40931, 0.129996, 0.137390
40925, 0.133911, 0.143332
40924, 0.129932, 0.119927
40912, 0.131152, 0.141129
40903, 0.133026, 0.110144
40896, 0.135175, -0.085391
40895, 0.135411, -0.039466
40875, 0.136237, 0.147786
40867, 0.137221, 0.138295
40846, 0.138258, 0.134898
40836, 0.134449, 0.127187
40827, 0.137688, 0.120115
40819, 0.138858, 0.150649
40816, 0.139674, 0.181564
40809, 0.137669, 0.202237
40790, 0.137992, 0.173432
40783, 0.134971, 0.089017
40782, 0.137181, 0.151308
40777, 0.136831, 0.161973
40772, 0.139008, 0.166690
40771, 0.138252, 0.060570
40747, 0.137596, 0.072750
40722, 0.136325, 0.146840
40703, 0.137384, 0.139754
40691, 0.136707, 0.199665
40690, 0.136315, 0.189439
40680, 0.136122, 0.071293
40676, 0.135510, 0.133012
40661, 0.135166, 0.163815
40642, 0.137850, 0.209535
40641, 0.134900, 0.218748
40623, 0.134332, 0.128118
40611, 0.138049, 0.169383
40600, 0.135630, -0.021618
40599, 0.139219, -0.048600
40584, 0.136954, 0.080908
40573, 0.138500, 0.127695
40568, 0.137160, 0.128109
40565, 0.136139, 0.108229
40536, 0.134861, 0.170701
40529, 0.139729, 0.119555
40528, 0.139562, 0.006695
40522, 0.139815, 0.153444
40519, 0.136523, 0.135554
40504, 0.138104, 0.169682
40500, 0.136114, 0.184116
40478, 0.138589, 0.205362
40471, 0.138770, 0.113392
40466, 0.137562, 0.077180
40463, 0.136242, 0.265535
40450, 0.140094, 0.143945
40433, 0.137984, 0.167959
40393, 0.135860, 0.140361
40382, 0.136145, 0.183120
40368, 0.134648, 0.150205
40363, 0.138594, 0.129353
40355, 0.138778, 0.008286
40346, 0.137735, 0.173151
40341, 0.138782, -0.123915
40325, 0.137110, 0.124201
40324, 0.134711, 0.145803
40318, 0.138351, 0.124932
40314, 0.139872, 0.192378
40309, 0.139119, 0.167718
40292, 0.138206, 0.131969
40278, 0.137538, 0.183237
40272, 0.138085, 0.167843
40243, 0.134525, -0.035803
40238, 0.137965, 0.277729
40210, 0.134601, 0.168546
40208, 0.136533, 0.146456
40202, 0.137195, 0.152087
40191, 0.137898, 0.134189
40190, 0.138187, 0.100383
40167, 0.137762, -0.034965
40161, 0.135549, 0.154722
40148, 0.137621, 0.191836
40140, 0.139193, 0.170295
40139, 0.139050, 0.115085
40134, 0.138795, 0.195338
40133, 0.135861, 0.107906
40125, 0.138597, 0.171294
40122, 0.136810, 0.168047
40113, 0.136502, -0.212264
40109, 0.139009, 0.179315
40101, 0.140100, 0.179846
40095, 0.136502, -0.235118
40093, 0.138700, -0.068879
40090, 0.135488, 0.141933
40089, 0.139701, 0.112013
40088, 0.134154, -0.472671
40077, 0.135612, -0.118053
40066, 0.138088, 0.134466
40048, 0.135186, 0.141661
40047, 0.136543, 0.142023
40044, 0.135228, 0.101739
40036, 0.136361, 0.134570
40026, 0.137383, 0.248347
39997, 0.136528, 0.032278
39989, 0.139774, 0.161074
39966, 0.137015, 0.100762
39960, 0.134916, 0.169886
39954, 0.138496, 0.143284
39937, 0.134424, 0.131102
39932, 0.137836, 0.160756
39928, 0.138900, 0.151137
39920, 0.134170, 0.131028
39909, 0.135729, 0.159178
39905, 0.134506, 0.168059
39902, 0.135366, 0.219856
39894, 0.144625, 0.131625
39888, 0.142001, 0.120641
39861, 0.141410, 0.178792
39860, 0.145757, 0.067123
39855, 0.141737, 0.122341
39841, 0.146043, 0.184159
39832, 0.142174, 0.108900
39826, 0.142545, 0.171533
39823, 0.142008, 0.135414
39818, 0.140416, 0.155461
39803, 0.142287, 0.165692
39801, 0.141123, 0.192752
39799, 0.144127, 0.109154
39797, 0.144202, 0.059290
39789, 0.141817, 0.103159
39768, 0.141970, 0.191024
39758, 0.141881, 0.112160
39755, 0.142913, 0.169129
39752, 0.145488, 0.184570
39751, 0.141944, 0.187422
39743, 0.140900, 0.162888
39732, 0.140913, 0.131830
39720, 0.141372, 0.171700
39712, 0.141673, 0.184358
39709, 0.144692, 0.187484
39705, 0.144434, 0.199841
39692, 0.142674, 0.164182
39666, 0.142173, 0.112786
39655, 0.140828, 0.203556
39653, 0.145052, 0.140993
39618, 0.144193, 0.147171
39613, 0.145281, 0.161158
39611, 0.140844, 0.160705
39605, 0.140652, 0.195875
39603, 0.144982, 0.092947
39598, 0.144326, 0.117634
39593, 0.141423, 0.100421
39590, 0.144737, 0.203638
39578, 0.141469, 0.131734
39576, 0.142424, 0.153576
39569, 0.146015, 0.151862
39568, 0.146125, 0.102397
39563, 0.142146, 0.154738
39560, 0.140222, 0.227509
39554, 0.143334, 0.149896
39540, 0.143094, 0.217421
39539, 0.144403, 0.139023
39508, 0.145085, 0.140170
39499, 0.140638, 0.178083
39497, 0.145294, 0.223862
39491, 0.143620, 0.170495
39480, 0.144471, 0.138319
39460, 0.141875, 0.106776
39446, 0.142839, 0.161099
39443, 0.140419, 0.177906
39441, 0.143539, 0.163566
39439, 0.145814, 0.154886
39406, 0.141072, 0.180229
39402, 0.140864, 0.267271
39390, 0.143901, 0.185288
39375, 0.146030, 0.192030
39369, 0.142705, 0.130822
39342, 0.142870, 0.195475
39336, 0.142412, 0.132873
39328, 0.140967, 0.173392
39319, 0.141332, 0.158856
39296, 0.141898, 0.146788
39286, 0.140864, 0.334034
39276, 0.143574, 0.144074
39241, 0.140606, -0.050583
39213, 0.140913, 0.156563
39208, 0.144816, 0.019396
39202, 0.145972, 0.094822
39173, 0.141910, -0.127963
39167, 0.144245, 0.148942
39165, 0.144440, 0.155496
39164, 0.141475, 0.214248
39157, 0.145340, 0.007819
39156, 0.141737, 0.173593
39137, 0.142889, 0.176767
39095, 0.140730, 0.147306
39079, 0.142015, 0.150982
39078, 0.142386, 0.158522
39073, 0.141013, 0.121725
39071, 0.144943, 0.198939
39058, 0.143664, 0.088342
39052, 0.143188, 0.091168
39050, 0.144772, 0.172289
39033, 0.140890, 0.157367
39012, 0.141480, 0.156358
39009, 0.142194, 0.147349
39003, 0.142692, 0.180946
38994, 0.141338, 0.128137
38989, 0.145963, 0.107639
38981, 0.145678, 0.145075
38976, 0.141547, 0.124029
38959, 0.141749, 0.028681
38952, 0.144537, 0.148808
38936, 0.143652, 0.145163
38933, 0.144944, 0.156044
38918, 0.140712, 0.177993
38902, 0.145262, 0.104472
38897, 0.146078, 0.151624
38886, 0.150986, 0.155416
38882, 0.150057, 0.157128
38877, 0.150394, 0.187124
38845, 0.149677, 0.296431
38843, 0.149919, 0.178141
38803, 0.149429, 0.093521
38789, 0.150925, 0.141045
38788, 0.151430, 0.176473
38780, 0.147237, 0.211785
38779, 0.149257, 0.131623
38764, 0.147151, 0.168191
38746, 0.151194, 0.170049
38719, 0.149217, 0.133458
38712, 0.146735, 0.151767
38707, 0.150015, 0.139914
38703, 0.150436, 0.244466
38698, 0.147983, 0.247246
38689, 0.148698, 0.105799
38687, 0.147402, 0.127928
38686, 0.148721, 0.167543
38673, 0.147792, 0.136645
38651, 0.149304, 0.113218
38645, 0.148117, 0.212150
38628, 0.148846, 0.199652
38614, 0.150856, 0.104539
38612, 0.150081, 0.138661
38588, 0.147924, 0.126242
38566, 0.151449, 0.138639
38545, 0.150051, 0.129886
38540, 0.149597, 0.130334
38531, 0.146705, 0.184130
38523, 0.146912, 0.155307
38522, 0.146365, 0.149950
38520, 0.148698, 0.139721
38477, 0.148189, 0.124893
38470, 0.146525, 0.137609
38469, 0.147413, 0.152684
38464, 0.147417, 0.156239
38457, 0.148689, 0.212656
38452, 0.149030, 0.165722
38441, 0.151012, 0.146289
38437, 0.149980, 0.158564
38432, 0.149970, 0.170424
38431, 0.151396, 0.153590
38423, 0.146750, 0.183366
38412, 0.146403, 0.160959
38410, 0.150214, 0.181202
38402, 0.148611, 0.063256
38400, 0.147664, 0.199472
38388, 0.146914, 0.127247
38380, 0.148120, 0.164541
38350, 0.148830, 0.234160
38334, 0.150891, 0.004116
38332, 0.149163, 0.151673
38323, 0.149157, 0.195226
38308, 0.149034, 0.184167
38303, 0.151034, 0.137961
38287, 0.146632, 0.102042
38273, 0.150203, 0.160841
38268, 0.146738, 0.165328
38252, 0.148241, -0.114023
38249, 0.149396, 0.133739
38242, 0.147468, 0.177517
38241, 0.149349, 0.133627
38230, 0.146286, -0.079106
38219, 0.150135, 0.133812
38201, 0.149113, 0.168151
38190, 0.146198, 0.135011
38185, 0.150555, 0.138446
38181, 0.148676, 0.144794
38178, 0.146720, 0.145084
38173, 0.148988, 0.169394
38166, 0.148920, 0.131383
38149, 0.150696, 0.136306
38145, 0.146638, 0.132144
38144, 0.150242, 0.128159
38136, 0.151208, 0.118840
38113, 0.146514, 0.196020
38104, 0.149270, 0.157758
38100, 0.149087, 0.147090
38092, 0.150492, 0.164739
38083, 0.150490, 0.088094
38080, 0.151317, 0.043027
38077, 0.149934, 0.128552
38075, 0.148194, 0.126407
38070, 0.147077, 0.126110
38049, 0.149234, 0.156486
38040, 0.150825, 0.120881
38023, 0.146784, -0.145499
38017, 0.149188, 0.103671
38011, 0.149210, 0.149933
38004, 0.150596, 0.199133
37994, 0.147187, 0.179552
37978, 0.148198, 0.134164
37968, 0.148084, 0.279805
37952, 0.151351, 0.157549
37949, 0.151288, 0.154772
37933, 0.150274, 0.153777
37922, 0.149423, 0.216706
37913, 0.150239, 0.186247
37911, 0.147518, 0.202213
37901, 0.149234, 0.153980
37893, 0.152807, 0.057937
37888, 0.154774, 0.174981
37870, 0.151799, 0.117584
37858, 0.154195, 0.178173
37853, 0.155283, 0.201874
37852, 0.153594, 0.105184
37837, 0.156105, 0.129475
37832, 0.155535, 0.087930
37831, 0.152897, 0.195880
37820, 0.156141, 0.156314
37814, 0.152872, 0.176433
37813, 0.156328, 0.188071
37805, 0.153280, 0.170876
37802, 0.152321, -0.048140
37798, 0.152301, 0.163516
37792, 0.152685, 0.162527
37790, 0.151996, -0.043788
37768, 0.155804, 0.153264
37763, 0.154390, 0.206797
37762, 0.152282, 0.220584
37738, 0.154848, 0.151269
37716, 0.153474, 0.136391
37715, 0.156773, 0.160505
37712, 0.153045, 0.223904
37708, 0.155445, 0.138020
37705, 0.151519, 0.203931
37632, 0.154065, 0.177397
37605, 0.153297, 0.162849
37602, 0.155434, 0.109497
37581, 0.151900, 0.140833
37570, 0.153827, 0.177762
37567, 0.153296, 0.068845
37561, 0.156851, 0.155850
37560, 0.154995, 0.148960
37555, 0.151784, 0.162721
37553, 0.152345, 0.199348
37549, 0.152464, 0.166338
37542, 0.154469, 0.155808
37541, 0.156765, 0.178108
37528, 0.156165, 0.198614
37515, 0.154487, 0.202887
37508, 0.153643, 0.149746
37506, 0.155791, 0.132997
37505, 0.153137, 0.131418
37498, 0.156333, 0.147123
37495, 0.153656, 0.180911
37493, 0.155141, 0.168522
37479, 0.152230, 0.102241
37477, 0.151579, -0.101023
37475, 0.152521, 0.164522
37450, 0.151926, 0.117286
37443, 0.152709, 0.150946
37432, 0.156750, 0.144542
37428, 0.152914, 0.130141
37407, 0.153372, 0.106051
37382, 0.156468, 0.155235
37371, 0.154017, 0.128657
37370, 0.152461, 0.263280
37362, 0.154268, 0.168256
37360, 0.153834, 0.200527
37350, 0.152994, 0.142736
37349, 0.156108, 0.158045
37338, 0.151612, 0.127631
37321, 0.155469, 0.218026
37319, 0.154015, 0.170315
37315, 0.152041, 0.075798
37310, 0.152263, -0.006714
37266, 0.153443, 0.145972
37260, 0.153891, 0.140336
37256, 0.153902, 0.105425
37247, 0.153114, 0.151808
37231, 0.154757, 0.192881
37203, 0.151629, 0.138195
37201, 0.155474, 0.162938
37200, 0.154741, 0.131373
37173, 0.155898, 0.240265
37170, 0.156420, 0.166772
37125, 0.155477, 0.185461
37124, 0.155566, -0.169083
37119, 0.156191, 0.151022
37118, 0.155923, 0.112801
37117, 0.155143, 0.221924
37112, 0.153984, 0.114097
37108, 0.152330, 0.178301
37090, 0.151972, 0.143023
37089, 0.155956, 0.164497
37088, 0.155279, 0.154171
37071, 0.154059, -0.059802
37069, 0.154109, -0.037647
37064, 0.152470, -0.072520
37060, 0.155058, -0.050986
37058, 0.154060, 0.134306
37056, 0.152452, -0.073901
37049, 0.154759, 0.230125
37046, 0.155588, 0.197077
37044, 0.151940, 0.259973
37034, 0.152480, 0.073480
37033, 0.152187, 0.108755
37029, 0.154872, 0.215053
37020, 0.152146, 0.116850
37013, 0.153863, 0.256160
36995, 0.152315, 0.150020
36992, 0.151647, 0.165855
36985, 0.155002, -0.292464
36977, 0.153808, 0.175009
36955, 0.156305, 0.157805
36953, 0.154267, 0.176515
36952, 0.156418, 0.228472
36950, 0.156491, 0.164961
36917, 0.152999, 0.173529
36899, 0.153373, 0.208436
36879, 0.161980, 0.212565
36858, 0.157371, 0.169168
36848, 0.160401, 0.121936
36846, 0.161916, 0.153858
36830, 0.159997, 0.209465
36828, 0.160800, 0.146521
36813, 0.158047, 0.158588
36798, 0.160131, 0.128300
36791, 0.158314, 0.155441
36780, 0.161189, 0.112821
36774, 0.161836, 0.197797
36772, 0.161469, 0.167215
36741, 0.157878, 0.162441
36737, 0.157093, -0.034593
36732, 0.157957, 0.175266
36713, 0.159801, 0.183509
36704, 0.160006, 0.211624
36696, 0.160391, 0.163689
36693, 0.157179, 0.175120
36685, 0.161804, 0.225751
36684, 0.160337, 0.062903
36679, 0.160705, -0.034559
36674, 0.159870, 0.144269
36643, 0.162218, 0.224937
36641, 0.159831, 0.138489
36635, 0.159438, 0.196152
36614, 0.158645, 0.169481
36603, 0.158577, 0.199817
36565, 0.160012, 0.145207
36562, 0.158941, 0.164428
36521, 0.158155, 0.216007
36505, 0.160076, 0.141633
36501, 0.159609, 0.134237
36497, 0.161867, 0.210172
36487, 0.158044, 0.166581
36483, 0.159477, 0.270291
36464, 0.161239, 0.146205
36461, 0.157829, 0.205313
36441, 0.157447, 0.145623
36427, 0.162133, 0.218353
36418, 0.160529, 0.117923
36411, 0.158216, 0.147125
36407, 0.157257, 0.184535
36396, 0.161966, 0.148200
36395, 0.157128, 0.182071
36372, 0.160410, 0.223327
36363, 0.157762, 0.200231
36356, 0.157944, 0.158568
36350, 0.159917, 0.224614
36349, 0.160848, 0.224418
36344, 0.159589, 0.160377
36332, 0.157099, 0.208549
36306, 0.160666, -0.169291
36303, 0.159961, 0.199921
36289, 0.160646, 0.134261
36284, 0.159222, 0.169507
36279, 0.157852, 0.159394
36263, 0.158468, 0.170108
36247, 0.160488, 0.234387
36237, 0.157948, 0.135533
36232, 0.157905, 0.186742
36231, 0.161286, 0.182809
36226, 0.158885, 0.146862
36224, 0.161012, 0.187544
36221, 0.158087, 0.179291
36214, 0.162239, 0.162303
36206, 0.161001, -0.135622
36205, 0.161646, 0.196756
36200, 0.161229, 0.156181
36199, 0.159226, 0.150796
36192, 0.159934, 0.164766
36188, 0.158434, 0.136067
36185, 0.160916, 0.119826
36184, 0.159554, 0.164615
36180, 0.161492, 0.170111
36174, 0.159447, 0.081850
36171, 0.160662, 0.194655
36165, 0.156915, 0.194832
36161, 0.159554, 0.130032
36148, 0.160801, 0.300775
36134, 0.161401, 0.201935
36114, 0.162204, 0.066667
36105, 0.161524, 0.162485
36084, 0.159758, -0.039419
36074, 0.159763, 0.146523
36073, 0.158818, 0.209832
36066, 0.161205, 0.228229
36059, 0.159822, 0.117848
36047, 0.159756, 0.081091
36037, 0.159135, 0.011356
36034, 0.157584, 0.228326
36023, 0.161612, 0.195657
36017, 0.158833, 0.197244
35995, 0.162192, 0.172853
35971, 0.161673, 0.193458
35968, 0.158710, 0.129188
35964, 0.160578, 0.132347
35953, 0.157152, 0.138519
35952, 0.161906, 0.233323
35949, 0.161802, 0.238519
35946, 0.161781, 0.108674
35925, 0.158743, 0.156886
35916, 0.161110, 0.178688
35903, 0.160315, 0.251030
35881, 0.164534, 0.156432
35878, 0.164731, 0.199154
35871, 0.163505, 0.192585
35851, 0.164139, 0.175011
35843, 0.164125, 0.166416
35834, 0.166626, 0.187195
35830, 0.164278, 0.041424
35820, 0.163768, 0.178432
35792, 0.165857, 0.200187
35788, 0.164105, 0.225131
35778, 0.166393, 0.163598
35776, 0.165360, 0.224572
35773, 0.164570, 0.211311
35757, 0.163702, 0.194332
35731, 0.163037, 0.122431
35729, 0.162634, 0.220654
35721, 0.164756, 0.144309
35706, 0.164924, 0.030873
35702, 0.162973, 0.176865
35695, 0.166516, 0.163278
35690, 0.164865, 0.175211
35656, 0.166309, 0.104345
35647, 0.164511, 0.176719
35646, 0.166609, 0.143926
35640, 0.165952, 0.106974
35638, 0.166776, 0.122570
35629, 0.165974, 0.206267
35624, 0.164259, 0.125301
35610, 0.165638, 0.172932
35590, 0.163983, 0.224275
35578, 0.166122, 0.173384
35569, 0.163273, 0.199876
35561, 0.163340, 0.174974
35556, 0.162483, 0.157755
35543, 0.165806, 0.156865
35535, 0.164039, 0.206300
35508, 0.166893, 0.119554
35503, 0.163087, 0.191684
35501, 0.163077, 0.217749
35490, 0.162682, -0.177392
35489, 0.165913, 0.112925
35487, 0.166258, 0.137576
35463, 0.164429, 0.174343
35445, 0.163935, 0.187971
35443, 0.164612, 0.170024
35442, 0.166119, 0.151804
35436, 0.166324, 0.206709
35434, 0.164327, 0.214435
35430, 0.164303, 0.166712
35426, 0.165690, 0.165020
35408, 0.166815, 0.144929
35399, 0.166305, 0.213098
35393, 0.164138, 0.107876
35384, 0.164923, 0.146102
35378, 0.166196, 0.202795
35373, 0.166464, 0.159341
35365, 0.162969, 0.190327
35364, 0.164299, 0.073868
35362, 0.165429, 0.143167
35354, 0.162797, 0.172007
35351, 0.166605, 0.226987
35345, 0.164656, 0.206472
35334, 0.164487, 0.155308
35317, 0.165624, 0.141223
35284, 0.164539, 0.052831
35273, 0.164395, 0.141397
35268, 0.163817, 0.191564
35267, 0.165528, 0.129698
35258, 0.165633, 0.179809
35241, 0.165047, 0.177765
35229, 0.163499, 0.027660
35221, 0.166391, 0.164293
35217, 0.164041, 0.116221
35207, 0.163958, 0.154217
35198, 0.162770, 0.177058
35197, 0.165159, 0.152718
35186, 0.164629, 0.136292
35144, 0.166857, 0.164198
35135, 0.162813, 0.190137
35112, 0.165734, 0.186203
35100, 0.165373, 0.202513
35098, 0.163945, 0.248032
35091, 0.162498, 0.169312
35089, 0.163169, 0.186137
35062, 0.163080, 0.102324
35033, 0.164456, 0.144669
35023, 0.162390, 0.151980
35022, 0.166248, 0.126402
35004, 0.163373, 0.163400
34952, 0.162523, 0.110667
34946, 0.165489, 0.220043
34935, 0.163008, 0.164120
34933, 0.162998, 0.164352
34931, 0.163068, 0.166621
34886, 0.171262, 0.168798
34882, 0.169094, 0.121676
34875, 0.168811, 0.146875
34874, 0.167825, 0.148494
34871, 0.168765, 0.187799
34869, 0.170906, 0.156243
34866, 0.170230, 0.184470
34861, 0.167351, 0.137967
34850, 0.168790, 0.143297
34847, 0.166996, 0.180084
34845, 0.167799, 0.170170
34834, 0.167046, 0.175263
34814, 0.171870, 0.194473
34804, 0.171024, 0.192709
34791, 0.166998, 0.217268
34784, 0.167837, 0.137201
34763, 0.168011, 0.142082
34755, 0.170127, 0.180942
34748, 0.169373, 0.200173
34743, 0.167132, 0.269030
34738, 0.167057, 0.167344
34721, 0.170898, 0.156402
34711, 0.168022, 0.200450
34703, 0.171529, 0.197503
34696, 0.167655, 0.159402
34687, 0.172062, 0.237886
34686, 0.170901, 0.194031
34685, 0.171838, 0.166436
34663, 0.171812, 0.184655
34660, 0.170562, 0.189426
34644, 0.167952, 0.198405
34637, 0.170688, 0.111759
34630, 0.167974, 0.187008
34625, 0.167017, 0.185092
34613, 0.171358, 0.007237
34598, 0.168558, 0.168353
34589, 0.171079, 0.190472
34580, 0.168865, 0.219306
34577, 0.170172, 0.175387
34576, 0.167867, 0.176687
34573, 0.169087, 0.077442
34572, 0.168573, 0.187813
34561, 0.169001, 0.180487
34560, 0.172008, 0.187314
34557, 0.170571, 0.166598
34547, 0.167709, 0.208872
34522, 0.167435, 0.119795
34505, 0.169212, 0.120574
34486, 0.171578, 0.182577
34485, 0.169958, 0.183661
34473, 0.167851, 0.186314
34465, 0.169763, 0.209049
34459, 0.169547, 0.163211
34456, 0.171621, 0.198664
34455, 0.169090, 0.132692
34441, 0.167520, 0.232071
34439, 0.168885, 0.176325
34434, 0.169477, 0.120371
34429, 0.171630, 0.168019
34420, 0.171121, 0.191431
34413, 0.171656, 0.215285
34411, 0.169380, 0.202364
34410, 0.167574, 0.182614
34388, 0.168199, 0.167697
34384, 0.167953, 0.138052
34380, 0.170048, 0.197250
34370, 0.169414, 0.121046
34308, 0.171714, 0.182716
34297, 0.171929, 0.201264
34296, 0.167022, 0.188288
34293, 0.167484, 0.165138
34269, 0.171210, 0.183727
34256, 0.172069, 0.206502
34255, 0.170243, 0.173444
34250, 0.167744, 0.172430
34246, 0.168625, 0.135898
34232, 0.167963, 0.082167
34221, 0.167738, 0.114610
34211, 0.171169, 0.233866
34197, 0.170189, 0.230806
34137, 0.168076, 0.223874
34134, 0.171390, 0.113807
34121, 0.171306, 0.143552
34104, 0.169083, 0.210734
34095, 0.169049, 0.168726
34092, 0.170660, 0.170544
34090, 0.168331, 0.194898
34081, 0.168790, 0.147395
34070, 0.171228, 0.092397
34069, 0.169046, -0.093369
34057, 0.170187, 0.174433
34045, 0.167688, 0.110984
34027, 0.170986, 0.253065
34024, 0.167325, 0.203748
34022, 0.170129, 0.179637
34010, 0.170239, 0.191136
33985, 0.170815, 0.196413
33980, 0.167224, 0.133001
33972, 0.169426, 0.166708
33966, 0.170542, 0.159953
33949, 0.169071, 0.184736
33941, 0.172033, 0.053103
33931, 0.168485, 0.165083
33924, 0.167939, 0.153830
33921, 0.167300, 0.162864
33912, 0.168649, 0.165687
33908, 0.172012, 0.253946
33896, 0.176593, 0.174167
33890, 0.175053, 0.178224
33875, 0.176562, 0.193093
33868, 0.173138, 0.229216
33866, 0.174818, 0.087845
33864, 0.173173, 0.182259
33843, 0.176176, 0.199888
33834, 0.176285, 0.152034
33826, 0.174673, 0.201965
33823, 0.176504, 0.197149
33819, 0.176265, 0.211212
33808, 0.174059, 0.246293
33793, 0.173106, 0.162047
33792, 0.174424, 0.167173
33789, 0.174317, 0.248310
33775, 0.173520, 0.097239
33774, 0.172768, 0.153547
33747, 0.174664, 0.161982
33744, 0.172880, 0.158072
33715, 0.172294, 0.221231
33713, 0.175213, 0.129879
33695, 0.173301, 0.151473
33687, 0.174282, 0.060856
33682, 0.176540, 0.241848
33676, 0.172438, 0.127952
33670, 0.176810, 0.159884
33666, 0.172599, 0.191026
33659, 0.176147, 0.118782
33657, 0.175260, 0.164805
33652, 0.174496, 0.117789
33615, 0.173692, 0.203217
33584, 0.172226, 0.181800
33583, 0.175021, 0.221925
33564, 0.172421, 0.156324
33559, 0.174965, 0.191654
33558, 0.175692, 0.204575
33556, 0.175095, 0.244332
33525, 0.175927, 0.183333
33522, 0.173424, 0.197037
33492, 0.174060, 0.066348
33483, 0.172556, 0.209488
33464, 0.173350, 0.178389
33457, 0.174551, 0.154618
33449, 0.176808, 0.180706
33432, 0.175918, 0.130005
33416, 0.176103, 0.175612
33373, 0.173235, 0.198252
33363, 0.173886, 0.177216
33355, 0.176363, 0.243986
33351, 0.174115, 0.174688
33315, 0.177204, 0.150849
33314, 0.174183, 0.209048
33308, 0.176060, 0.123502
33288, 0.173212, 0.192733
33263, 0.172099, 0.254740
33254, 0.177180, 0.134495
33251, 0.175579, 0.186488
33247, 0.175163, 0.186836
33246, 0.172832, 0.234591
33244, 0.175634, 0.155065
33233, 0.175986, 0.206395
33214, 0.173396, 0.192396
33211, 0.173626, 0.174021
33199, 0.175023, 0.125045
33188, 0.176616, 0.149336
33176, 0.176515, -0.069868
33150, 0.174925, 0.160170
33136, 0.172312, 0.251617
33131, 0.175353, 0.126632
33130, 0.172195, 0.191934
33115, 0.174469, 0.056018
33106, 0.173939, 0.204997
33105, 0.176989, 0.192578
33093, 0.174170, 0.168666
33080, 0.172905, 0.185539
33059, 0.172539, 0.082041
33049, 0.175004, 0.179859
33046, 0.172155, 0.078057
33043, 0.176680, 0.156912
33038, 0.174773, 0.186237
33029, 0.174606, 0.174434
33014, 0.175353, 0.230677
32990, 0.174010, 0.206935
32972, 0.172315, 0.099135
32955, 0.175936, 0.178472
32946, 0.174668, 0.188194
32924, 0.175999, 0.180789
32906, 0.175061, 0.244735
32883, 0.179479, 0.155268
32878, 0.180903, 0.178429
32871, 0.181356, 0.193447
32869, 0.178502, 0.176408
32867, 0.177757, 0.160833
32862, 0.178223, 0.157885
32849, 0.181059, 0.226008
32822, 0.181793, 0.194833
32805, 0.180684, 0.184786
32785, 0.180868, 0.192794
32782, 0.177399, 0.158513
32774, 0.177986, 0.134692
32763, 0.181169, 0.216429
32755, 0.180487, 0.236212
32754, 0.178092, 0.172949
32751, 0.178406, 0.132618
32742, 0.178305, 0.165073
32727, 0.179798, 0.159640
32714, 0.182195, 0.133328
32702, 0.181531, 0.204535
32701, 0.180575, 0.169213
32696, 0.180272, 0.192855
32695, 0.181033, 0.136072
32694, 0.177789, 0.216631
32679, 0.179057, -0.291574
32673, 0.182152, 0.209582
32671, 0.178580, 0.139033
32670, 0.178389, -0.020995
32669, 0.181329, -0.090195
32661, 0.178566, 0.205716
32641, 0.180257, 0.174843
32618, 0.179976, 0.204203
32615, 0.177537, 0.213114
32614, 0.181342, 0.113625
32611, 0.177560, 0.227307
32608, 0.180699, 0.181288
32604, 0.177599, 0.074712
32597, 0.180148, 0.161438
32595, 0.178033, 0.144219
32566, 0.177781, 0.212999
32547, 0.177547, 0.204552
32537, 0.179450, 0.181022
32527, 0.178447, 0.203430
32511, 0.177772, 0.115821
32493, 0.178984, 0.142557
32483, 0.181649, 0.159531
32479, 0.182218, 0.205531
32474, 0.181886, 0.119882
32467, 0.177888, 0.193065
32456, 0.177447, 0.142451
32450, 0.178630, 0.145786
32446, 0.178660, 0.184580
32431, 0.179743, 0.187418
32424, 0.177271, 0.203452
32412, 0.179874, 0.177940
32409, 0.179448, 0.228038
32408, 0.181608, 0.194343
32384, 0.178218, 0.170192
32382, 0.180311, 0.196217
32373, 0.179467, 0.213894
32358, 0.179369, 0.271054
32347, 0.179734, 0.148488
32339, 0.178691, 0.204503
32332, 0.180263, 0.221931
32319, 0.181538, 0.207324
32311, 0.178659, 0.198361
32307, 0.181858, 0.185109
32279, 0.181021, 0.189262
32277, 0.178072, 0.151966
32263, 0.179752, 0.185232
32257, 0.182118, 0.179320
32246, 0.180455, -0.009122
32227, 0.182185, 0.215928
32224, 0.178937, 0.173020
32207, 0.179922, 0.146107
32184, 0.180300, 0.160588
32181, 0.178044, 0.157246
32176, 0.180090, 0.167691
32157, 0.181927, 0.162416
32146, 0.179496, 0.215399
32113, 0.180854, 0.167519
32106, 0.177809, 0.186549
32098, 0.177395, 0.170235
32087, 0.178482, 0.204707
32079, 0.181396, 0.201057
32078, 0.177329, 0.200825
32068, 0.178533, 0.075677
32050, 0.179531, 0.194710
32049, 0.179781, 0.147522
32033, 0.179240, 0.214569
32013, 0.177994, 0.184342
32012, 0.181394, 0.252242
32005, 0.179750, 0.194799
32003, 0.177855, 0.041626
32000, 0.178729, 0.185245
31976, 0.177510, 0.159433
31972, 0.177503, 0.183080
31962, 0.178620, 0.119941
31958, 0.177723, 0.235703
31957, 0.180071, 0.196711
31947, 0.179050, 0.200145
31935, 0.177279, 0.171599
31911, 0.177729, 0.152465
31892, 0.184954, 0.229593
31888, 0.185448, 0.164457
31882, 0.184815, 0.295982
31881, 0.185026, 0.206501
31873, 0.187085, 0.184500
31870, 0.184461, 0.185545
31868, 0.183518, 0.188107
31862, 0.185855, 0.224868
31860, 0.183435, 0.193107
31856, 0.185625, 0.203168
31840, 0.185783, 0.203673
31831, 0.183864, 0.227808
31830, 0.187023, 0.217981
31823, 0.184510, 0.189696
31809, 0.186952, 0.208573
31803, 0.185601, 0.178436
31797, 0.185097, 0.180912
31746, 0.182783, 0.119912
31743, 0.185632, 0.105135
31736, 0.186324, 0.163833
31731, 0.185920, 0.135446
31720, 0.182984, 0.185029
31698, 0.184564, 0.210312
31686, 0.184373, 0.143371
31665, 0.183904, 0.189201
31630, 0.184897, 0.204376
31617, 0.184364, 0.191935
31616, 0.184829, 0.189448
31604, 0.183497, 0.210621
31566, 0.182912, 0.189299
31561, 0.186313, 0.198040
31557, 0.184515, 0.190875
31536, 0.182781, 0.273951
31535, 0.183548, 0.215714
31493, 0.184506, 0.228273
31489, 0.187008, 0.185100
31482, 0.184189, 0.148755
31469, 0.185654, 0.204354
31459, 0.186708, 0.192290
31443, 0.186570, 0.203590
31440, 0.185866, 0.204338
31396, 0.184351, 0.215249
31390, 0.183026, 0.192993
31378, 0.184381, 0.113982
31362, 0.186565, 0.203134
31360, 0.183861, 0.220006
31354, 0.185688, 0.146436
31351, 0.184239, 0.148920
31339, 0.184465, 0.209472
31319, 0.183794, 0.219102
31276, 0.185774, 0.193422
31264, 0.184791, 0.143656
31258, 0.185192, 0.205915
31255, 0.187045, 0.303756
31252, 0.183630, 0.232599
31230, 0.185997, 0.182852
31229, 0.184388, 0.182774
31225, 0.183381, 0.127795
31213, 0.182523, 0.114520
31204, 0.186564, 0.207639
31202, 0.186489, 0.217305
31180, 0.185396, 0.161053
31169, 0.185631, 0.064025
31168, 0.182339, 0.187295
31165, 0.185806, 0.230523
31155, 0.185514, 0.143311
31140, 0.186517, 0.224571
31133, 0.183705, 0.178237
31107, 0.182473, 0.178493
31103, 0.186237, 0.176019
31097, 0.186181, 0.189870
31070, 0.184852, 0.139536
31055, 0.182504, 0.062205
31002, 0.182304, 0.178623
30992, 0.184195, 0.096449
30990, 0.185667, 0.176231
30956, 0.186625, 0.239584
30918, 0.186149, 0.163906
30915, 0.184102, 0.149662
30890, 0.187983, 0.237526
30885, 0.190545, 0.202887
30881, 0.187653, 0.123757
30879, 0.189762, 0.225756
30873, 0.189885, 0.183113
30852, 0.188948, 0.204328
30848, 0.187903, 0.217059
30834, 0.189114, 0.180467
30829, 0.187599, 0.182515
30820, 0.188664, 0.188642
30814, 0.188655, 0.191404
30802, 0.191074, 0.172958
30767, 0.191438, 0.217053
30756, 0.188606, 0.271112
30754, 0.187130, 0.180199
30696, 0.191472, 0.243840
30694, 0.188459, 0.129183
30693, 0.187822, 0.136088
30685, 0.188704, 0.235402
30683, 0.187807, 0.213488
30679, 0.188651, 0.194087
30674, 0.190670, 0.198997
30669, 0.190460, 0.203026
30645, 0.190876, 0.198765
30642, 0.191811, 0.140271
30641, 0.191038, 0.138522
30636, 0.190320, 0.191833
30619, 0.190334, 0.213084
30609, 0.190267, 0.252509
30607, 0.187467, 0.175193
30598, 0.187606, 0.129857
30593, 0.188230, 0.139418
30591, 0.191924, 0.079056
30574, 0.191626, 0.290301
30560, 0.187823, 0.159812
30540, 0.187508, 0.230123
30539, 0.187480, 0.166156
30535, 0.190287, 0.293949
30526, 0.191759, 0.225578
30521, 0.188590, 0.219188
30500, 0.188314, 0.212425
30468, 0.189633, 0.213305
30466, 0.188228, 0.177936
30447, 0.188654, 0.216625
30441, 0.187904, 0.231553
30436, 0.191049, 0.194963
30430, 0.189261, 0.173030
30419, 0.191254, 0.182778
30404, 0.187271, 0.290246
30399, 0.188621, 0.159535
30396, 0.190478, 0.139162
30393, 0.188462, 0.139994
30392, 0.188002, 0.202096
30388, 0.187913, 0.112886
30385, 0.189685, 0.004530
30372, 0.188069, 0.201312
30369, 0.187235, 0.227119
30358, 0.191752, 0.188565
30354, 0.189444, 0.217371
30353, 0.187655, 0.220408
30341, 0.190172, 0.194444
30320, 0.190798, 0.193553
30305, 0.190877, 0.179118
30289, 0.189082, 0.218941
30287, 0.191741, 0.178802
30273, 0.189948, 0.194797
30265, 0.187519, 0.176615
30263, 0.188744, 0.130218
30259, 0.190370, 0.163775
30253, 0.190892, 0.192167
30251, 0.188471, 0.112811
30232, 0.188767, -0.046889
30231, 0.187497, 0.192781
30203, 0.191082, 0.171481
30196, 0.189761, 0.146315
30190, 0.188542, 0.178439
30186, 0.189263, 0.182807
30176, 0.189578, 0.023255
30158, 0.187980, 0.225101
30153, 0.189154, 0.180504
30138, 0.191943, 0.176907
30106, 0.189560, 0.174980
30094, 0.191579, 0.236716
30091, 0.191220, 0.191453
30086, 0.190916, 0.165969
30075, 0.190574, 0.148435
30063, 0.187687, 0.179583
30047, 0.190909, 0.173126
30041, 0.191593, 0.164283
30022, 0.188926, 0.209662
30011, 0.191431, 0.188408
29999, 0.187444, 0.227507
29995, 0.191010, 0.229253
29986, 0.188895, 0.146444
29985, 0.189947, 0.133572
29974, 0.187239, 0.065759
29966, 0.191496, 0.191711
29963, 0.190515, 0.166286
29961, 0.188209, 0.229346
29951, 0.190343, 0.193777
29946, 0.190077, 0.220456
29942, 0.188355, 0.162534
29928, 0.190149, 0.194680
29925, 0.187200, 0.175868
29923, 0.190865, 0.204549
29920, 0.190647, 0.178595
29911, 0.190145, 0.192478
29909, 0.188142, -0.137994
29902, 0.191904, 0.184958
29891, 0.194258, 0.186537
29888, 0.192230, 0.196567
29879, 0.196897, 0.216941
29871, 0.195843, 0.191245
29869, 0.195838, 0.200115
29845, 0.194735, 0.184093
29835, 0.194929, 0.163683
29834, 0.192117, 0.178455
29828, 0.193608, 0.206605
29826, 0.192935, 0.152795
29818, 0.192347, 0.244259
29808, 0.196471, 0.178739
29803, 0.196018, 0.183599
29739, 0.193517, 0.198792
29730, 0.194157, 0.254477
29715, 0.193506, 0.177470
29714, 0.196661, 0.164090
29712, 0.194074, 0.151836
29707, 0.192501, 0.258339
29704, 0.194293, 0.273561
29684, 0.192361, 0.204314
29676, 0.196300, 0.220821
29670, 0.195614, 0.234226
29640, 0.192602, -0.037381
29633, 0.192797, 0.224443
29632, 0.194709, 0.136077
29630, 0.194973, 0.202396
29629, 0.193073, 0.198698
29627, 0.195344, 0.192445
29623, 0.194768, 0.173856
29612, 0.192077, 0.144869
29581, 0.195131, 0.141653
29564, 0.194876, 0.192302
29563, 0.194207, 0.200977
29560, 0.194962, 0.202786
29559, 0.195055, 0.230208
29553, 0.192740, 0.175960
29549, 0.193556, 0.227913
29547, 0.196255, 0.206870
29513, 0.195572, 0.230161
29505, 0.195198, 0.204097
29481, 0.192025, 0.180937
29448, 0.196492, 0.186769
29438, 0.192246, 0.154447
29434, 0.193806, 0.157039
29429, 0.195111, 0.185221
29418, 0.193068, 0.225073
29417, 0.196724, 0.229678
29396, 0.195137, 0.154081
29378, 0.196181, 0.170393
29360, 0.196385, 0.185832
29351, 0.192926, 0.203106
29350, 0.196558, 0.202616
29346, 0.196525, 0.222312
29342, 0.195703, 0.191534
29340, 0.193641, 0.202530
29334, 0.196174, 0.133322
29332, 0.195044, 0.207727
29323, 0.195372, 0.147936
29291, 0.195469, 0.208024
29288, 0.193188, 0.089275
29280, 0.193777, 0.175790
29274, 0.196404, 0.185441
29256, 0.193765, 0.185183
29239, 0.196812, 0.198014
29220, 0.192174, 0.210828
29215, 0.196482, 0.196769
29210, 0.193655, 0.210954
29209, 0.193488, 0.027233
29196, 0.195716, 0.168022
29191, 0.196254, 0.210164
29188, 0.192581, 0.179324
29186, 0.192591, 0.252019
29184, 0.192412, 0.209987
29173, 0.193596, 0.214394
29165, 0.196367, 0.314728
29160, 0.195424, 0.207148
29151, 0.192860, 0.150927
29144, 0.194497, 0.252211
29129, 0.196915, 0.128981
29112, 0.196540, 0.262180
29104, 0.193207, 0.194428
29092, 0.192912, 0.198015
29089, 0.196869, 0.202261
29071, 0.196799, 0.187096
29066, 0.194007, 0.148961
29065, 0.196634, -0.053772
29061, 0.193020, 0.101590
29051, 0.196226, -0.036890
29001, 0.192055, 0.163978
28992, 0.196692, 0.220944
28977, 0.193153, 0.208894
28976, 0.192864, 0.227936
28966, 0.192047, 0.083868
28958, 0.194630, 0.217931
28938, 0.194904, 0.167779
28924, 0.195484, 0.194938
28921, 0.195456, 0.199026
28919, 0.195616, 0.192929
28889, 0.201644, 0.072115
28882, 0.199691, 0.248895
28878, 0.199720, 0.188086
28864, 0.200063, 0.239486
28862, 0.201528, 0.292481
28856, 0.200367, 0.257060
28852, 0.198610, 0.183788
28849, 0.201155, 0.187695
28848, 0.200806, 0.169148
28835, 0.199035, 0.216660
28823, 0.200804, 0.245326
28809, 0.200340, 0.196569
28796, 0.197819, 0.153072
28795, 0.200121, 0.284798
28787, 0.196975, 0.245726
28769, 0.198338, 0.154004
28765, 0.199511, 0.187808
28760, 0.197392, 0.120572
28758, 0.198553, 0.208959
28752, 0.200369, 0.202853
28737, 0.200642, 0.201362
28707, 0.197997, 0.228713
28704, 0.199278, 0.194558
28703, 0.201432, 0.214138
28683, 0.198037, 0.174026
28678, 0.200875, 0.172084
28660, 0.198042, 0.220699
28652, 0.199283, 0.196528
28639, 0.199617, 0.247457
28634, 0.200227, 0.230475
28611, 0.198985, 0.160202
28595, 0.198425, 0.221766
28590, 0.198668, 0.199554
28585, 0.198785, 0.153375
28580, 0.200037, 0.185362
28579, 0.200393, 0.196808
28572, 0.201668, 0.184920
28566, 0.198285, 0.216449
28564, 0.200450, 0.210581
28558, 0.199308, 0.214645
28535, 0.200887, 0.149798
28534, 0.197718, 0.210533
28499, 0.198131, 0.211644
28482, 0.199630, 0.205494
28477, 0.197967, 0.179276
28468, 0.201222, 0.203674
28448, 0.197149, 0.186520
28444, 0.198805, 0.143135
28426, 0.198704, 0.185559
28424, 0.199373, 0.248130
28422, 0.200265, 0.255472
28413, 0.201583, 0.252620
28400, 0.201008, 0.192303
28387, 0.197793, 0.183629
28381, 0.198521, 0.165986
28363, 0.198521, 0.226520
28354, 0.199429, 0.151707
28346, 0.197343, 0.159294
28340, 0.199331, 0.154214
28332, 0.198878, -0.116078
28307, 0.198560, 0.209352
28304, 0.198469, 0.215755
28297, 0.200110, 0.124262
28293, 0.201271, 0.221699
28290, 0.199974, 0.159972
28282, 0.199371, 0.246606
28275, 0.199245, 0.160608
28267, 0.199385, 0.192546
28257, 0.198164, 0.231376
28254, 0.198055, 0.244704
28238, 0.200650, 0.192270
28235, 0.200580, 0.249364
28233, 0.197284, 0.215423
28224, 0.200895, -0.169939
28215, 0.198464, 0.224376
28202, 0.199759, 0.203401
28197, 0.196926, 0.196268
28185, 0.200321, 0.130133
28184, 0.197523, 0.212458
28177, 0.198251, 0.165629
28169, 0.198809, 0.192707
28151, 0.199000, 0.169161
28141, 0.200105, 0.296528
28136, 0.200958, 0.192443
28127, 0.198196, 0.169335
28126, 0.201619, 0.173110
28118, 0.201080, 0.193715
28105, 0.198691, 0.139055
28090, 0.201206, 0.172795
28069, 0.200856, -0.196322
28057, 0.200562, 0.193189
28054, 0.199408, 0.195062
28053, 0.199129, 0.182853
28046, 0.200832, 0.191375
28007, 0.198120, 0.188687
27995, 0.199067, 0.197052
27979, 0.200733, 0.092068
27976, 0.200546, 0.243464
27947, 0.198799, 0.157596
27946, 0.199997, 0.229357
27930, 0.201095, 0.197150
27927, 0.200944, 0.196570
27910, 0.199470, 0.221118
27906, 0.199499, 0.212393
27891, 0.204281, 0.118376
27863, 0.205082, 0.085553
27847, 0.204878, 0.188665
27845, 0.204135, 0.182875
27843, 0.203580, 0.189004
27836, 0.204651, 0.123044
27816, 0.201954, 0.187825
27807, 0.203088, 0.199234
27777, 0.203824, 0.217054
27776, 0.204054, 0.161114
27755, 0.201895, 0.218866
27751, 0.201681, 0.141094
27743, 0.205904, 0.201756
27736, 0.205489, 0.182564
27729, 0.202457, 0.191569
27718, 0.204149, 0.129815
27715, 0.204986, 0.263637
27704, 0.203166, 0.208067
27698, 0.202963, 0.207942
27697, 0.205945, 0.176562
27681, 0.202836, 0.188852
27647, 0.206043, 0.209782
27625, 0.202056, 0.212702
27622, 0.201715, 0.169997
27619, 0.202515, 0.146995
27598, 0.206470, 0.191209
27589, 0.205798, 0.180902
27572, 0.206162, 0.194656
27559, 0.201959, 0.194487
27550, 0.202254, 0.149951
27503, 0.202169, 0.184635
27498, 0.202500, 0.222666
27496, 0.203531, 0.197108
27484, 0.202050, 0.185320
27463, 0.202128, 0.197262
27460, 0.203085, 0.232152
27449, 0.203597, 0.207213
27446, 0.202184, 0.168676
27419, 0.203405, 0.218527
27400, 0.202872, 0.248799
27391, 0.201995, 0.160569
27384, 0.205990, 0.156260
27374, 0.203796, 0.212645
27367, 0.202145, 0.154486
27358, 0.203744, 0.170032
27357, 0.204836, 0.245908
27347, 0.202933, 0.187480
27341, 0.204468, 0.235650
27339, 0.202378, 0.171709
27335, 0.204019, 0.212939
27332, 0.202117, 0.156413
27330, 0.205698, 0.206361
27329, 0.206214, 0.303748
27309, 0.205269, 0.241944
27300, 0.203359, 0.237329
27298, 0.204713, 0.216912
27297, 0.203664, 0.183523
27288, 0.204188, 0.185390
27281, 0.203949, 0.207233
27270, 0.205175, 0.191011
27265, 0.206006, 0.224137
27257, 0.202276, 0.261480
27255, 0.205380, 0.191860
27241, 0.202315, 0.211602
27235, 0.205680, 0.242839
27221, 0.202752, -0.213230
27208, 0.205239, 0.212308
27207, 0.202181, 0.194649
27205, 0.202077, 0.227364
27197, 0.202581, 0.221634
27184, 0.202908, 0.160053
27178, 0.206154, 0.220425
27166, 0.204493, 0.223510
27160, 0.204204, 0.229336
27159, 0.206469, 0.200591
27154, 0.204046, 0.208384
27136, 0.204420, 0.193945
27134, 0.206090, 0.163552
27130, 0.202588, 0.198876
27129, 0.201859, 0.237502
27121, 0.204821, 0.197860
27111, 0.205625, 0.201428
27093, 0.204047, 0.229772
27092, 0.204016, 0.193734
27086, 0.202542, 0.196285
27084, 0.204420, 0.183125
27078, 0.202620, 0.177719
27076, 0.203194, 0.194547
27059, 0.202758, -0.232778
27053, 0.201914, -0.010770
27037, 0.201688, 0.215192
27027, 0.202262, 0.231976
27023, 0.206220, 0.173751
26999, 0.202024, 0.212409
26996, 0.203046, 0.190199
26987, 0.205540, 0.209935
26966, 0.201704, 0.176967
26956, 0.203537, 0.203429
26954, 0.203099, 0.184184
26932, 0.204159, 0.201547
26931, 0.204149, 0.197825
26927, 0.204771, 0.241491
26913, 0.202043, 0.233789
26908, 0.203039, 0.232959
26905, 0.206241, 0.193871
26903, 0.202087, 0.119866
26880, 0.207690, 0.202845
26875, 0.209899, 0.208635
26870, 0.209859, 0.212277
26867, 0.209927, 0.211611
26862, 0.206527, 0.206620
26797, 0.208738, 0.192242
26788, 0.207526, 0.205043
26783, 0.209218, 0.212403
26782, 0.210770, 0.196216
26772, 0.208713, 0.259181
26764, 0.210851, 0.207268
26762, 0.206577, 0.203262
26745, 0.208390, 0.133380
26738, 0.207192, 0.183893
26734, 0.207030, -0.001010
26721, 0.209321, 0.163031
26718, 0.209797, 0.242569
26693, 0.209493, 0.215153
26660, 0.208281, 0.185235
26650, 0.207345, 0.185501
26648, 0.209225, 0.263683
26641, 0.208416, 0.234657
26639, 0.209569, 0.254309
26637, 0.211075, 0.228890
26626, 0.207921, 0.258364
26625, 0.210192, 0.182713
26624, 0.209424, 0.202668
26581, 0.210854, 0.209523
26571, 0.209977, 0.199013
26567, 0.209116, 0.166053
26556, 0.208345, 0.228711
26554, 0.208767, 0.174045
26529, 0.209863, 0.238227
26526, 0.207852, 0.181096
26525, 0.209446, 0.206145
26522, 0.208888, 0.188014
26499, 0.207872, 0.220775
26494, 0.211093, 0.169194
26490, 0.210300, 0.176159
26487, 0.208991, 0.223718
26486, 0.206803, 0.240997
26485, 0.211168, 0.198729
26484, 0.207496, 0.255565
26480, 0.207431, 0.229277
26479, 0.206690, 0.246313
26471, 0.210855, 0.171235
26467, 0.209958, 0.240441
26466, 0.209035, 0.193836
26448, 0.210972, 0.164737
26443, 0.209138, 0.250422
26407, 0.206576, 0.206780
26386, 0.206809, 0.185623
26369, 0.209445, 0.162248
26367, 0.206840, 0.154865
26365, 0.206731, 0.176113
26356, 0.209497, 0.177093
26354, 0.210829, 0.216117
26335, 0.207811, 0.207944
26320, 0.209071, 0.017967
26318, 0.209833, -0.103562
26310, 0.207542, 0.189708
26304, 0.207041, 0.210861
26284, 0.207085, -0.031705
26282, 0.208915, 0.203251
26280, 0.210638, 0.203885
26266, 0.209693, -0.136363
26252, 0.211048, 0.219715
26236, 0.207021, 0.177777
26212, 0.207627, 0.185050
26201, 0.210227, 0.184469
26177, 0.209021, 0.228125
26171, 0.210346, 0.204853
26131, 0.207483, 0.201669
26112, 0.206941, 0.177021
26099, 0.209894, 0.321985
26082, 0.207077, 0.222698
26075, 0.207147, 0.173851
26074, 0.206853, 0.183567
26071, 0.209029, 0.155285
26069, 0.211112, 0.200143
26064, 0.210085, 0.208077
26048, 0.210044, 0.164058
26046, 0.207927, 0.114683
26038, 0.209760, 0.282841
26019, 0.209871, 0.180258
26002, 0.207704, 0.179243
25994, 0.209049, 0.156284
25966, 0.207693, 0.200461
25946, 0.207645, 0.212846
25945, 0.207365, 0.024755
25919, 0.208039, 0.211253
25909, 0.210219, 0.236711
25901, 0.214946, 0.247241
25900, 0.214179, 0.226756
25899, 0.215636, 0.257147
25888, 0.211916, 0.164424
25858, 0.211209, 0.210480
25822, 0.211749, 0.238549
25793, 0.215569, 0.262782
25792, 0.215566, 0.453851
25786, 0.213918, 0.213039
25770, 0.213002, 0.191312
25765, 0.215305, 0.186937
25763, 0.212283, 0.171008
25760, 0.213897, 0.177530
25754, 0.214670, 0.165260
25753, 0.211495, 0.185872
25740, 0.215027, 0.219336
25732, 0.216071, 0.199964
25716, 0.215663, 0.274289
25715, 0.215506, 0.210889
25710, 0.212284, 0.189928
25708, 0.213910, 0.247667
25703, 0.214604, 0.186586
25693, 0.213645, 0.213448
25692, 0.216144, 0.266261
25686, 0.211510, 0.210137
25655, 0.214321, 0.274528
25644, 0.212794, 0.131643
25642, 0.213065, 0.232003
25617, 0.215490, 0.232744
25609, 0.214799, 0.233841
25606, 0.213996, 0.131848
25605, 0.216266, 0.202446
25603, 0.213965, 0.206612
25589, 0.214435, 0.146988
25588, 0.214975, 0.128648
25557, 0.214249, 0.185728
25537, 0.215112, 0.212295
25533, 0.213227, 0.202213
25530, 0.213767, 0.193227
25473, 0.213816, 0.246414
25469, 0.213931, 0.197609
25464, 0.214138, 0.232751
25454, 0.213677, 0.229408
25453, 0.214737, 0.189812
25447, 0.212515, 0.257570
25445, 0.211653, 0.261548
25424, 0.212298, 0.192827
25416, 0.215186, 0.250189
25413, 0.215070, 0.218850
25406, 0.215109, 0.243135
25400, 0.212140, 0.225066
25397, 0.215348, 0.154449
25395, 0.213328, 0.225228
25381, 0.214337, 0.250279
25376, 0.215592, 0.199064
25368, 0.213813, 0.271155
25367, 0.212779, 0.264204
25362, 0.214205, 0.238698
25352, 0.214069, 0.194386
25337, 0.214440, 0.202656
25334, 0.215207, 0.250179
25314, 0.213432, 0.201240
25307, 0.211981, 0.226652
25306, 0.213448, 0.242960
25286, 0.215040, 0.117797
25269, 0.215761, 0.240071
25263, 0.214377, 0.146948
25259, 0.212615, 0.235103
25255, 0.213347, 0.200150
25249, 0.215173, 0.209016
25234, 0.211560, 0.188658
25232, 0.213899, 0.232680
25213, 0.215861, 0.206242
25204, 0.212223, 0.197502
25175, 0.214809, 0.249647
25170, 0.214350, 0.203485
25165, 0.214082, 0.160417
25164, 0.215706, 0.203556
25161, 0.212328, 0.245390
25156, 0.214836, 0.234690
25141, 0.213200, 0.119546
25129, 0.211828, 0.217322
25125, 0.212758, 0.246142
25123, 0.214246, 0.222256
25105, 0.212133, 0.202003
25091, 0.211831, 0.210116
25077, 0.215948, 0.255979
25071, 0.214221, 0.185615
25056, 0.211548, -0.022763
25053, 0.212161, 0.047766
25043, 0.212008, 0.254092
25037, 0.215807, 0.201519
25021, 0.213606, 0.217026
25013, 0.214228, 0.214241
25006, 0.212445, 0.229747
25005, 0.213207, 0.208755
24979, 0.214290, 0.130356
24973, 0.212797, 0.176301
24967, 0.214389, 0.220073
24965, 0.215560, 0.261967
24957, 0.211900, 0.157361
24948, 0.213224, 0.257588
24947, 0.212251, 0.008217
24935, 0.213143, 0.211711
24909, 0.215336, 0.218139
24907, 0.213004, 0.170324
24880, 0.218567, 0.178214
24870, 0.220813, 0.231507
24854, 0.220601, 0.086008
24848, 0.218966, 0.244379
24835, 0.220026, 0.206492
24826, 0.219872, 0.214203
24823, 0.219518, 0.218974
24821, 0.217891, 0.185826
24816, 0.220929, 0.200598
24806, 0.219388, 0.215621
24801, 0.216499, 0.177430
24797, 0.219004, 0.219553
24784, 0.219952, 0.188178
24783, 0.217158, 0.190137
24774, 0.220846, 0.216722
24773, 0.216393, 0.169328
24771, 0.218215, 0.180601
24746, 0.217885, 0.140076
24744, 0.219422, 0.117777
24732, 0.219965, 0.221118
24727, 0.218748, 0.185344
24709, 0.217413, 0.146716
24697, 0.218328, 0.202126
24683, 0.219260, 0.207463
24664, 0.220363, 0.240369
24655, 0.218730, 0.195641
24653, 0.219591, 0.216826
24642, 0.217658, 0.199345
24630, 0.219626, 0.189212
24623, 0.217704, 0.129406
24616, 0.217916, 0.189915
24612, 0.220007, 0.226534
24610, 0.217531, 0.194524
24592, 0.216898, 0.231336
24576, 0.219696, 0.207497
24557, 0.216969, 0.193434
24539, 0.216498, 0.261778
24538, 0.220742, 0.200287
24529, 0.218911, 0.213702
24528, 0.217136, 0.244924
24525, 0.218363, 0.305173
24516, 0.219335, 0.160800
24515, 0.218608, 0.249349
24504, 0.219554, 0.272897
24490, 0.217126, 0.241342
24488, 0.220463, 0.165170
24487, 0.217323, 0.249562
24454, 0.218612, 0.223915
24453, 0.219038, 0.291837
24452, 0.219539, 0.201945
24435, 0.220756, 0.244044
24433, 0.220922, 0.262090
24412, 0.218165, 0.275456
24409, 0.220704, 0.182548
24406, 0.218554, 0.237302
24401, 0.219788, 0.191034
24393, 0.218231, 0.263972
24384, 0.216933, 0.213447
24368, 0.219940, 0.233294
24365, 0.218979, 0.229939
24339, 0.216618, 0.258362
24310, 0.219216, 0.058237
24296, 0.219249, 0.198831
24295, 0.220026, 0.341161
24271, 0.219931, 0.196693
24268, 0.220422, 0.203713
24241, 0.216517, 0.161401
24240, 0.218951, 0.240901
24239, 0.218524, 0.183256
24236, 0.217545, 0.201683
24227, 0.220643, 0.241589
24218, 0.220902, 0.186802
24212, 0.219293, -0.058122
24206, 0.216926, 0.186352
24200, 0.216782, 0.205555
24189, 0.218042, 0.206295
24187, 0.217918, 0.197045
24180, 0.219921, 0.199173
24173, 0.218956, 0.174992
24161, 0.216698, 0.249395
24151, 0.219332, 0.170176
24142, 0.217477, 0.226857
24134, 0.217691, 0.253712
24115, 0.218246, 0.226024
24098, 0.220706, 0.199709
24096, 0.219545, 0.199210
24095, 0.217515, 0.189437
24094, 0.219408, 0.186943
24066, 0.216929, 0.176993
24059, 0.217937, 0.121151
24047, 0.220971, 0.115640
24043, 0.216461, 0.162579
24036, 0.219067, 0.185866
24032, 0.218698, 0.226834
24018, 0.217890, 0.209177
24013, 0.218981, 0.186653
23990, 0.216645, 0.000496
23989, 0.218594, 0.203969
23982, 0.219685, 0.232065
23973, 0.220848, 0.103236
23953, 0.220593, 0.175729
23944, 0.216450, 0.187432
23929, 0.218049, 0.212379
23922, 0.218040, 0.171241
23920, 0.220064, 0.192542
23918, 0.217398, 0.261053
23915, 0.220786, 0.229268
23908, 0.218156, 0.238786
23904, 0.224504, 0.148522
23882, 0.223591, 0.259660
23880, 0.223778, 0.200320
23873, 0.225588, 0.197667
23870, 0.225160, 0.204056
23867, 0.225785, 0.230952
23861, 0.222496, 0.182797
23845, 0.223522, 0.131402
23828, 0.224663, 0.208224
23802, 0.223405, 0.189824
23793, 0.225837, 0.268356
23789, 0.223253, 0.278961
23765, 0.222917, 0.187097
23761, 0.222669, 0.197399
23722, 0.224960, -0.000236
23705, 0.225433, 0.225798
23699, 0.225033, 0.197839
23691, 0.222237, 0.249734
23672, 0.226084, 0.260031
23611, 0.224566, 0.162754
23609, 0.223188, 0.197131
23587, 0.224698, 0.236659
23554, 0.223645, 0.149390
23536, 0.225253, 0.268257
23529, 0.225868, 0.272578
23495, 0.222176, 0.154913
23477, 0.222875, 0.237209
23474, 0.223051, 0.241451
23451, 0.221628, 0.246459
23449, 0.221554, 0.223863
23446, 0.223078, 0.207559
23444, 0.225629, 0.162099
23440, 0.224943, 0.253761
23428, 0.224957, 0.180750
23413, 0.226010, 0.245508
23412, 0.223561, 0.227890
23408, 0.225706, 0.247124
23400, 0.221465, 0.237138
23346, 0.222966, 0.212130
23331, 0.224959, 0.220508
23326, 0.225774, 0.162772
23317, 0.225363, 0.231056
23314, 0.226180, 0.012498
23309, 0.224087, 0.140947
23301, 0.221844, 0.178821
23300, 0.224486, 0.265347
23294, 0.221314, 0.182891
23283, 0.225471, 0.234751
23267, 0.221909, 0.211296
23252, 0.226116, 0.187236
23228, 0.223194, 0.195916
23217, 0.222063, 0.165424
23199, 0.226144, 0.232147
23187, 0.225288, 0.112542
23179, 0.221583, 0.253210
23155, 0.222015, 0.217016
23154, 0.225248, 0.135760
23130, 0.225070, 0.178360
23111, 0.222023, 0.186789
23101, 0.221838, 0.171944
23088, 0.221674, 0.222181
23065, 0.222921, 0.231336
23062, 0.225308, 0.125026
23056, 0.223627, 0.193221
23042, 0.223968, 0.063900
23031, 0.222354, 0.255169
23022, 0.223476, 0.191806
23018, 0.224454, 0.232367
23015, 0.226311, 0.154648
23007, 0.222706, 0.215725
23000, 0.221750, 0.238197
22994, 0.221165, 0.207467
22980, 0.225290, 0.221347
22979, 0.223992, 0.205248
22966, 0.222181, 0.166502
22963, 0.225765, 0.250489
22960, 0.223106, 0.229405
22952, 0.223931, 0.264099
22940, 0.223119, 0.215881
22937, 0.223993, 0.266989
22934, 0.221801, 0.217393
22931, 0.221807, 0.216434
22914, 0.224051, 0.207072
22906, 0.225669, 0.227261
22891, 0.229098, -0.221750
22877, 0.228627, 0.164145
22865, 0.227125, 0.141836
22840, 0.228255, 0.354512
22835, 0.232110, 0.246416
22831, 0.227647, 0.228324
22827, 0.230128, 0.182559
22817, 0.226935, 0.220166
22808, 0.228258, 0.277837
22804, 0.231750, 0.227628
22787, 0.229038, 0.201780
22782, 0.228140, 0.229235
22776, 0.231065, 0.211284
22770, 0.226745, 0.191332
22758, 0.230520, 0.223163
22742, 0.231758, 0.250004
22739, 0.229828, 0.246576
22736, 0.229933, 0.173056
22728, 0.230585, 0.237251
22725, 0.228354, 0.226367
22717, 0.228676, 0.189711
22712, 0.231424, 0.301191
22703, 0.230895, 0.201847
22702, 0.230713, 0.206649
22699, 0.231796, 0.230716
22694, 0.228751, 0.239652
22688, 0.228975, 0.180940
22663, 0.229305, 0.266127
22659, 0.227092, 0.260805
22638, 0.227805, 0.242728
22632, 0.227514, 0.212301
22614, 0.230685, 0.218936
22610, 0.227945, 0.221259
22599, 0.227281, 0.215021
22578, 0.231681, 0.204666
22573, 0.229359, 0.120856
22570, 0.226802, 0.239502
22560, 0.227871, 0.223201
22555, 0.228671, 0.187755
22552, 0.229224, 0.252668
22549, 0.230865, 0.220629
22543, 0.229482, 0.264260
22532, 0.227931, 0.223158
22527, 0.229384, 0.162047
22506, 0.232268, 0.245085
22496, 0.230902, 0.250102
22484, 0.229307, 0.190149
22471, 0.231827, 0.226801
22462, 0.232160, 0.214542
22458, 0.227582, 0.200729
22448, 0.230722, 0.265637
22447, 0.228412, 0.198158
22435, 0.227582, 0.304781
22402, 0.231156, 0.223253
22383, 0.230600, 0.196902
22366, 0.229647, 0.199700
22361, 0.227506, 0.231570
22350, 0.228280, 0.121930
22330, 0.226857, 0.208350
22326, 0.231011, 0.186613
22322, 0.230088, 0.234983
22312, 0.228604, 0.080247
22309, 0.230297, -0.042376
22299, 0.229703, 0.235602
22292, 0.230170, 0.130122
22289, 0.230385, 0.209053
22281, 0.228594, 0.271137
22273, 0.229629, 0.269906
22252, 0.226622, 0.275891
22242, 0.227753, -0.030545
22241, 0.229073, 0.215695
22206, 0.230061, 0.219610
22186, 0.231660, 0.324164
22176, 0.230638, 0.225461
22174, 0.227998, 0.202565
22163, 0.231079, 0.176093
22154, 0.226496, 0.219960
22141, 0.231126, 0.220954
22134, 0.231364, 0.215394
22128, 0.226992, 0.226207
22125, 0.229377, 0.271743
22123, 0.229705, 0.189015
22118, 0.231478, 0.186044
22110, 0.232067, 0.278692
22102, 0.228060, 0.135228
22101, 0.231759, 0.175213
22098, 0.231362, 0.243308
22074, 0.227351, 0.159882
22055, 0.226630, 0.079786
22046, 0.230436, 0.142809
22037, 0.232046, 0.248733
22028, 0.229175, 0.221473
22019, 0.229531, 0.261846
22010, 0.227224, 0.155341
22008, 0.227110, 0.215622
22002, 0.230750, 0.224142
21989, 0.231768, 0.215846
21983, 0.227224, 0.217925
21941, 0.229502, 0.200544
21922, 0.227406, 0.180930
21916, 0.230404, 0.324899
21914, 0.228778, 0.187869
21901, 0.234287, 0.220949
21899, 0.232862, 0.192433
21892, 0.236187, 0.186461
21890, 0.237561, 0.200252
21887, 0.235900, 0.177485
21849, 0.237037, 0.202498
21839, 0.236824, 0.263535
21822, 0.235169, 0.194885
21814, 0.238417, 0.215445
21806, 0.234175, 0.112654
21802, 0.233920, 0.225177
21801, 0.232346, 0.302139
21790, 0.238603, 0.172704
21772, 0.235985, 0.246405
21771, 0.236945, 0.057907
21769, 0.238546, 0.252720
21768, 0.232768, 0.114890
21767, 0.235758, 0.222807
21757, 0.232464, 0.174729
21752, 0.234677, 0.264429
21742, 0.232841, 0.250168
21734, 0.238255, 0.257789
21716, 0.235572, 0.252883
21699, 0.234012, 0.245699
21669, 0.234763, 0.146704
21663, 0.233394, 0.221680
21662, 0.232813, 0.233280
21657, 0.233202, 0.287451
21653, 0.232326, 0.206661
21646, 0.235312, 0.244121
21645, 0.233727, 0.248008
21612, 0.236966, 0.227856
21603, 0.235122, 0.177082
21598, 0.238052, 0.256067
21592, 0.233469, 0.247925
21590, 0.237444, 0.284466
21585, 0.234628, 0.266569
21577, 0.238231, 0.207485
21576, 0.233988, 0.251355
21555, 0.233612, 0.262147
21554, 0.235058, 0.270429
21550, 0.237415, 0.233276
21534, 0.234259, 0.274871
21518, 0.233665, 0.275803
21516, 0.234543, 0.243512
21510, 0.236396, 0.250533
21508, 0.234096, 0.194988
21506, 0.234881, 0.210353
21467, 0.234279, 0.207731
21460, 0.236692, 0.234886
21453, 0.238189, 0.282696
21448, 0.233771, 0.262766
21419, 0.237026, 0.228137
21417, 0.233471, 0.200450
21403, 0.233993, 0.300355
21389, 0.234680, 0.240334
21388, 0.235968, 0.284560
21387, 0.234366, 0.255610
21385, 0.232305, 0.202173
21370, 0.233533, 0.246454
21369, 0.237535, 0.224068
21362, 0.233827, 0.200955
21357, 0.233648, 0.250387
21355, 0.237565, 0.260242
21345, 0.237807, 0.189103
21317, 0.233552, 0.131437
21302, 0.234322, 0.242641
21287, 0.233589, 0.205029
21283, 0.238361, 0.208566
21268, 0.236655, 0.207604
21262, 0.232974, 0.274502
21261, 0.237099, 0.249383
21259, 0.234787, 0.249729
21258, 0.233675, 0.241275
21252, 0.238725, 0.177566
21241, 0.234481, 0.274199
21228, 0.232451, 0.211336
21222, 0.234917, 0.210536
21216, 0.236845, 0.228148
21213, 0.233504, 0.224735
21210, 0.234445, 0.210717
21194, 0.232796, 0.220716
21189, 0.234364, 0.233499
21184, 0.238146, 0.174269
21183, 0.234465, 0.263827
21175, 0.238129, 0.219829
21154, 0.236157, 0.238335
21153, 0.235071, 0.238869
21149, 0.238038, 0.165026
21135, 0.233005, 0.192783
21131, 0.238540, 0.324217
21129, 0.235594, 0.196491
21120, 0.235176, 0.316010
21117, 0.237274, 0.167541
21112, 0.236796, 0.224225
21110, 0.235992, 0.232768
21107, 0.234352, 0.227133
21100, 0.237440, 0.251267
21086, 0.237831, 0.221054
21082, 0.237206, 0.230315
21078, 0.233982, 0.220192
21077, 0.237127, 0.210425
21075, 0.232581, 0.207723
21058, 0.238742, 0.241562
21053, 0.232421, 0.229990
21021, 0.238103, 0.176020
21020, 0.235527, 0.212874
21013, 0.238412, 0.195849
21009, 0.237602, 0.205629
20989, 0.236481, 0.283319
20985, 0.232593, 0.209565
20984, 0.235040, 0.253594
20974, 0.232843, 0.166012
20958, 0.233385, 0.205733
20954, 0.238046, 0.284473
20946, 0.238067, 0.163964
20933, 0.235749, 0.224341
20932, 0.235771, 0.225539
20925, 0.234625, 0.224154
20920, 0.238061, 0.170502
20901, 0.244150, 0.244074
20886, 0.245078, 0.255431
20867, 0.243350, 0.221748
20855, 0.240430, 0.278584
20844, 0.241973, 0.240085
20841, 0.243015, 0.252626
20835, 0.239459, 0.274700
20821, 0.244036, 0.324955
20820, 0.242654, 0.218580
20806, 0.240175, 0.205885
20804, 0.241146, 0.254734
20800, 0.244408, 0.220437
20786, 0.241065, 0.248671
20779, 0.239737, 0.125524
20777, 0.244607, 0.201638
20764, 0.239733, 0.227143
20761, 0.244542, 0.268292
20758, 0.244844, 0.244531
20756, 0.242819, 0.199765
20750, 0.241925, 0.228776
20748, 0.240149, 0.199806
20747, 0.243255, 0.183239
20734, 0.244407, 0.219685
20719, 0.242528, 0.239144
20717, 0.241883, 0.154211
20715, 0.241994, 0.214480
20714, 0.241401, 0.248222
20704, 0.239311, 0.195423
20701, 0.243440, 0.200343
20694, 0.239715, 0.230221
20692, 0.243723, 0.165777
20687, 0.240115, 0.233438
20654, 0.239057, 0.263293
20624, 0.241537, 0.233264
20619, 0.239928, 0.149102
20615, 0.239741, 0.235212
20610, 0.240595, 0.267846
20603, 0.244757, 0.242623
20599, 0.242048, 0.156428
20594, 0.243753, 0.154217
20586, 0.245046, 0.408038
20584, 0.240983, 0.239447
20562, 0.243511, 0.244242
20553, 0.243939, 0.287827
20540, 0.239342, 0.184512
20515, 0.244994, 0.211200
20506, 0.244307, 0.162826
20484, 0.241676, 0.235374
20480, 0.241452, 0.189924
20464, 0.242895, 0.241438
20458, 0.243919, 0.269255
20454, 0.243800, 0.226728
20446, 0.244105, 0.247445
20420, 0.244500, 0.248076
20413, 0.239961, 0.361609
20397, 0.244540, 0.273277
20389, 0.240637, 0.263936
20371, 0.242862, 0.229284
20364, 0.239808, 0.252103
20350, 0.241777, 0.228546
20315, 0.241395, 0.224115
20293, 0.244448, 0.238468
20291, 0.241382, 0.274706
20285, 0.239089, 0.230374
20278, 0.243024, 0.120398
20272, 0.244860, 0.231993
20262, 0.242517, 0.217481
20260, 0.244957, 0.230720
20251, 0.239857, 0.227421
20240, 0.245145, 0.043115
20231, 0.243314, 0.175665
20228, 0.240374, 0.293764
20222, 0.239688, 0.207785
20220, 0.243792, 0.189357
20203, 0.242495, 0.287400
20164, 0.241795, 0.286009
20132, 0.239956, 0.249049
20124, 0.239682, 0.187255
20122, 0.242203, 0.207857
20121, 0.240039, 0.203871
20119, 0.243269, 0.237881
20117, 0.243329, 0.233587
20116, 0.241872, 0.239371
20101, 0.241975, 0.244853
20086, 0.243542, 0.192228
20074, 0.238991, 0.185112
20052, 0.240502, 0.173103
20051, 0.244253, 0.176628
20037, 0.239775, 0.253348
20035, 0.243539, 0.134511
20027, 0.242180, 0.287469
20026, 0.239359, 0.327776
20022, 0.242423, 0.219917
19967, 0.244641, 0.228134
19958, 0.243642, -0.045196
19955, 0.244123, 0.241098
19944, 0.242483, 0.325585
19927, 0.242767, 0.132924
19925, 0.239141, 0.209729
19900, 0.250073, 0.206069
19885, 0.252330, 0.241536
19854, 0.250921, 0.205927
19846, 0.246413, 0.144915
19836, 0.247447, 0.210208
19834, 0.252024, 0.295843
19811, 0.248585, 0.255084
19810, 0.249815, 0.238222
19790, 0.246638, 0.152329
19787, 0.247259, 0.285358
19776, 0.248210, 0.254570
19774, 0.246427, 0.375569
19764, 0.250811, 0.276721
19762, 0.250950, 0.176158
19759, 0.248236, 0.226083
19755, 0.250459, 0.149895
19754, 0.247922, 0.198441
19727, 0.249096, 0.163598
19719, 0.249480, 0.211770
19716, 0.246735, 0.278209
19712, 0.250564, 0.119486
19711, 0.247045, 0.255683
19703, 0.247515, 0.259948
19691, 0.251658, 0.245786
19681, 0.247219, 0.216233
19674, 0.245733, 0.278638
19663, 0.246888, 0.184951
19661, 0.248614, 0.240888
19640, 0.246783, 0.275477
19622, 0.248038, 0.244572
19612, 0.252055, 0.212302
19603, 0.249639, 0.336165
19598, 0.251016, 0.215201
19592, 0.247621, 0.240235
19586, 0.245696, 0.201048
19585, 0.251544, 0.296800
19565, 0.249064, 0.356112
19554, 0.250737, 0.242559
19545, 0.249033, 0.205671
19538, 0.251253, 0.254384
19526, 0.249846, 0.280413
19512, 0.246526, 0.257246
19507, 0.251367, 0.203433
19505, 0.246156, 0.224094
19479, 0.252008, 0.246070
19477, 0.249071, 0.248639
19474, 0.247491, 0.234302
19471, 0.245999, 0.231101
19448, 0.246797, 0.283676
19421, 0.246407, 0.256842
19420, 0.250548, 0.203841
19416, 0.250419, 0.268890
19413, 0.248802, 0.213477
19402, 0.251869, 0.297267
19368, 0.248477, 0.168545
19365, 0.250316, 0.213844
19359, 0.247914, 0.251168
19322, 0.250070, 0.274223
19305, 0.246319, 0.127398
19295, 0.249687, 0.228720
19273, 0.245291, 0.210731
19272, 0.248923, 0.236691
19266, 0.249584, 0.203379
19263, 0.246803, 0.244566
19246, 0.247414, 0.236634
19233, 0.252237, 0.249665
19223, 0.251318, 0.043470
19200, 0.251174, 0.166167
19135, 0.246742, 0.207466
19128, 0.251255, 0.169359
19117, 0.248386, 0.171821
19115, 0.247787, 0.212220
19098, 0.245496, 0.300389
19070, 0.249293, 0.222176
19069, 0.248050, 0.192874
19033, 0.245567, 0.313564
19030, 0.252215, 0.282661
19029, 0.251457, 0.232008
19022, 0.249072, 0.166519
19017, 0.249046, 0.146542
19014, 0.246449, 0.246546
19013, 0.250218, 0.251788
19008, 0.250439, 0.217244
19003, 0.251852, 0.238440
18998, 0.252254, 0.322636
18978, 0.249983, 0.315481
18971, 0.248866, 0.146847
18963, 0.251773, 0.274281
18957, 0.246789, 0.222498
18936, 0.249699, 0.231185
18930, 0.245605, 0.233184
18921, 0.245320, 0.134416
18883, 0.253084, 0.234465
18877, 0.254301, 0.224107
18875, 0.259499, 0.278482
18874, 0.258049, 0.278446
18859, 0.259717, 0.199097
18852, 0.257627, 0.172140
18838, 0.252639, 0.268288
18798, 0.257264, 0.228081
18785, 0.254391, 0.277950
18774, 0.255164, 0.262767
18773, 0.256742, 0.161134
18747, 0.257424, 0.224903
18741, 0.256714, 0.269851
18738, 0.252418, 0.246089
18728, 0.257112, 0.317067
18719, 0.253479, 0.260668
18696, 0.255828, 0.242714
18682, 0.256530, 0.256141
18680, 0.258258, 0.270665
18676, 0.255063, 0.258772
18675, 0.257023, 0.271879
18645, 0.253243, 0.232229
18636, 0.256122, 0.214846
18623, 0.258980, 0.219287
18609, 0.255245, 0.273527
18594, 0.259072, 0.278621
18575, 0.253571, 0.303321
18571, 0.254111, -0.088793
18561, 0.257024, 0.209331
18559, 0.256230, 0.298331
18556, 0.255562, 0.228576
18545, 0.255298, 0.201921
18514, 0.255049, 0.239344
18513, 0.254841, 0.238567
18494, 0.258459, 0.265397
18488, 0.256977, 0.263956
18484, 0.254397, 0.232019
18482, 0.253727, 0.255148
18481, 0.258109, 0.255333
18470, 0.258905, 0.201803
18466, 0.257844, 0.249389
18460, 0.255811, 0.216471
18455, 0.255475, 0.272757
18452, 0.258131, 0.372232
18439, 0.257022, 0.237312
18429, 0.258588, 0.309385
18426, 0.254585, 0.304705
18415, 0.259153, 0.263260
18399, 0.254703, 0.275124
18398, 0.257359, 0.178528
18396, 0.254449, 0.254173
18383, 0.254960, 0.263338
18370, 0.254555, 0.206508
18362, 0.258616, 0.247593
18352, 0.258553, 0.242472
18312, 0.254279, 0.029434
18282, 0.257571, 0.281962
18224, 0.259198, 0.273160
18192, 0.259811, 0.107607
18189, 0.259424, 0.045208
18185, 0.253242, 0.213364
18174, 0.258375, 0.282769
18162, 0.259467, 0.269970
18160, 0.256448, 0.244856
18159, 0.254374, 0.240970
18143, 0.253138, 0.219582
18085, 0.259359, 0.245831
18066, 0.252694, 0.217109
18048, 0.253629, 0.229393
18037, 0.256263, 0.200115
18028, 0.252519, 0.154323
18027, 0.253507, 0.253420
18007, 0.257971, 0.225995
18003, 0.259001, 0.288309
18002, 0.253303, 0.102089
18000, 0.253418, 0.281668
17995, 0.259551, 0.262828
17985, 0.252379, 0.355257
17980, 0.258791, 0.228879
17957, 0.253631, 0.218714
17950, 0.258588, 0.234111
17935, 0.258010, 0.267791
17928, 0.256352, 0.249456
17925, 0.257854, 0.310583
17919, 0.258902, 0.262063
17912, 0.258448, 0.196736
17908, 0.256378, 0.239602
17880, 0.263780, 0.257986
17876, 0.263118, 0.230130
17865, 0.265147, 0.250775
17862, 0.265972, 0.199003
17854, 0.264154, 0.214917
17853, 0.263951, 0.149858
17845, 0.264375, 0.183126
17820, 0.261020, 0.219059
17804, 0.260590, 0.164861
17798, 0.262461, 0.177216
17796, 0.261213, 0.139932
17791, 0.261582, 0.175930
17785, 0.262496, 0.277891
17763, 0.263875, 0.272258
17760, 0.266491, 0.166226
17755, 0.262552, 0.240959
17731, 0.261126, 0.274737
17726, 0.262025, 0.279043
17722, 0.261877, 0.202742
17719, 0.262048, 0.276702
17716, 0.266888, 0.254468
17713, 0.264527, 0.141430
17712, 0.266380, 0.323804
17711, 0.260573, 0.245523
17706, 0.262642, 0.309714
17702, 0.261866, 0.279871
17700, 0.264187, 0.278778
17698, 0.263509, 0.293520
17689, 0.264095, 0.291266
17676, 0.263337, 0.281617
17648, 0.265869, 0.204066
17643, 0.264117, 0.230833
17641, 0.262213, 0.273812
17634, 0.266696, 0.311953
17625, 0.264633, 0.228677
17622, 0.260203, 0.270828
17620, 0.260472, 0.266781
17613, 0.263890, 0.276775
17612, 0.262883, 0.298403
17603, 0.265926, 0.247087
17598, 0.262333, 0.288640
17582, 0.262337, 0.263273
17581, 0.266506, 0.273870
17563, 0.263254, 0.198782
17560, 0.266510, 0.359334
17556, 0.266119, 0.248681
17547, 0.264406, 0.237095
17544, 0.260902, 0.280071
17537, 0.263985, 0.269333
17527, 0.260331, 0.288582
17526, 0.263780, 0.229232
17510, 0.261189, 0.229518
17503, 0.266125, 0.248847
17502, 0.266869, 0.265866
17490, 0.261880, 0.267603
17488, 0.261861, 0.230830
17457, 0.263424, 0.300331
17447, 0.261747, 0.260014
17443, 0.266434, 0.211073
17420, 0.264353, 0.270705
17411, 0.263364, 0.306191
17399, 0.266533, 0.354899
17398, 0.260064, 0.329039
17397, 0.260934, 0.249318
17376, 0.266659, 0.331841
17371, 0.264943, 0.261295
17360, 0.265632, 0.266195
17351, 0.260239, 0.236654
17339, 0.265069, 0.279046
17327, 0.264000, 0.290324
17314, 0.266535, 0.274642
17307, 0.263386, 0.234911
17303, 0.264675, 0.244058
17299, 0.265243, 0.283955
17286, 0.264773, 0.254202
17264, 0.266816, 0.282597
17250, 0.261943, 0.246428
17246, 0.266182, 0.097559
17238, 0.262500, 0.171997
17214, 0.261254, 0.204641
17205, 0.260733, 0.212902
17186, 0.260100, 0.230273
17185, 0.260632, 0.218870
17168, 0.264846, 0.257814
17149, 0.259931, 0.286737
17129, 0.264504, 0.174000
17103, 0.262104, 0.239151
17099, 0.260250, 0.253813
17079, 0.266699, 0.337898
17075, 0.262571, 0.259474
17072, 0.266254, 0.206502
17058, 0.263043, 0.113728
17054, 0.262304, -0.067604
17050, 0.261221, -0.068040
17008, 0.261668, 0.186823
16996, 0.266685, 0.270685
16985, 0.263837, 0.294653
16981, 0.261865, 0.240070
16964, 0.266065, -0.015771
16959, 0.262992, 0.231693
16952, 0.265585, 0.101508
16946, 0.262069, 0.260163
16942, 0.263094, 0.237453
16912, 0.265514, 0.277407
16877, 0.270157, 0.226200
16872, 0.268528, 0.236863
16871, 0.269068, 0.234432
16854, 0.272610, 0.359050
16848, 0.272298, 0.255087
16830, 0.273536, 0.271215
16818, 0.270751, 0.297405
16795, 0.268029, 0.279450
16787, 0.268126, 0.290872
16783, 0.269439, 0.278903
16764, 0.272160, 0.303523
16746, 0.273315, 0.236702
16744, 0.273895, 0.235048
16730, 0.271189, 0.278456
16727, 0.267062, 0.281159
16719, 0.268906, 0.284834
16698, 0.268605, 0.231960
16658, 0.273704, 0.042049
16633, 0.270317, 0.225347
16630, 0.269003, 0.330162
16617, 0.267843, 0.239789
16614, 0.267895, 0.272768
16612, 0.273725, 0.244791
16609, 0.273728, 0.181731
16607, 0.271736, 0.222661
16602, 0.272839, 0.290366
16601, 0.270652, 0.226798
16594, 0.273186, 0.221503
16585, 0.274240, 0.237417
16584, 0.272520, 0.245144
16580, 0.270900, 0.222807
16574, 0.272445, 0.332889
16554, 0.267057, 0.232876
16548, 0.267258, 0.237725
16537, 0.271400, 0.264945
16513, 0.271277, 0.274566
16507, 0.272724, 0.295794
16484, 0.273389, 0.267509
16479, 0.270141, 0.158992
16476, 0.273172, 0.295234
16464, 0.273859, 0.201937
16455, 0.272872, 0.249846
16427, 0.268364, 0.293780
16413, 0.270737, 0.279194
16410, 0.269451, 0.165513
16406, 0.269197, 0.237258
16380, 0.273702, 0.295783
16378, 0.267329, 0.274674
16376, 0.270373, 0.316269
16361, 0.270555, 0.222375
16347, 0.268458, 0.268657
16341, 0.271422, 0.326841
16335, 0.272656, 0.252759
16322, 0.273021, 0.228313
16318, 0.269138, 0.209726
16314, 0.269930, 0.281598
16312, 0.272311, 0.240804
16305, 0.267383, 0.182631
16289, 0.269864, 0.246505
16240, 0.267343, 0.295095
16232, 0.272237, 0.288118
16231, 0.270952, 0.242291
16227, 0.268134, 0.272950
16216, 0.267298, 0.261348
16212, 0.274339, 0.290362
16206, 0.270189, 0.337588
16189, 0.272249, 0.295150
16172, 0.272850, 0.056152
16166, 0.272563, 0.143349
16161, 0.268769, 0.318683
16158, 0.271203, 0.239287
16147, 0.267185, 0.224503
16131, 0.271578, 0.285047
16128, 0.270834, 0.255308
16120, 0.271303, 0.177950
16119, 0.270383, 0.270006
16105, 0.267407, 0.267743
16101, 0.267561, 0.036467
16097, 0.268459, 0.061832
16060, 0.268382, 0.236286
16049, 0.267859, -0.004671
16040, 0.269302, 0.235956
16033, 0.268516, 0.274464
16020, 0.272018, 0.277568
16006, 0.274049, 0.290753
15982, 0.272120, 0.290451
15942, 0.271907, 0.264258
15930, 0.272047, 0.295171
15921, 0.273561, 0.364867
15903, 0.276545, 0.091804
15900, 0.275847, 0.329915
15891, 0.280824, 0.171684
15882, 0.281203, 0.245111
15873, 0.274683, 0.243856
15870, 0.276657, 0.236981
15864, 0.275175, 0.293280
15847, 0.279732, 0.309304
15846, 0.279052, 0.304210
15844, 0.281139, 0.337665
15828, 0.280800, 0.276026
15819, 0.276443, 0.226496
15818, 0.278886, 0.247762
15815, 0.274714, 0.293236
15814, 0.280719, 0.239801
15811, 0.278114, 0.318868
15808, 0.278457, 0.200429
15800, 0.275431, 0.225417
15782, 0.275805, 0.281629
15765, 0.277806, 0.253350
15739, 0.276689, 0.221910
15730, 0.278183, 0.279035
15716, 0.278810, 0.274469
15694, 0.279067, 0.235923
15688, 0.277922, 0.241069
15664, 0.277039, 0.220487
15644, 0.275720, 0.272269
15630, 0.278906, 0.252531
15628, 0.278731, 0.290048
15623, 0.281223, 0.229341
15612, 0.280244, 0.344095
15601, 0.274681, 0.260673
15598, 0.276833, 0.224421
15597, 0.275088, 0.220612
15585, 0.280982, 0.278262
15577, 0.280107, 0.268501
15571, 0.275187, 0.264013
15568, 0.274367, 0.239971
15547, 0.279337, 0.274367
15531, 0.276657, 0.295894
15530, 0.277969, 0.281216
15523, 0.276710, 0.289384
15509, 0.275233, 0.251363
15505, 0.278931, 0.211275
15494, 0.274622, 0.256952
15492, 0.279318, 0.268753
15487, 0.278026, 0.288438
15482, 0.277760, 0.240869
15471, 0.277932, 0.288257
15437, 0.275311, 0.264153
15434, 0.275067, 0.277294
15430, 0.274434, 0.247858
15424, 0.281323, 0.279532
15419, 0.279452, 0.294921
15406, 0.279085, 0.246448
15399, 0.278638, 0.250365
15385, 0.274792, 0.269135
15378, 0.277603, 0.285371
15369, 0.276357, 0.249328
15367, 0.277088, 0.254816
15359, 0.277666, 0.365929
15358, 0.274465, 0.274967
15357, 0.279571, 0.204162
15352, 0.278787, 0.073674
15346, 0.279990, -0.039541
15343, 0.275014, 0.200967
15339, 0.277813, -0.237787
15337, 0.274976, 0.250451
15334, 0.279132, 0.047401
15333, 0.276578, 0.285569
15330, 0.280517, 0.283126
15328, 0.276893, 0.306652
15308, 0.281018, 0.274121
15294, 0.280001, 0.162007
15292, 0.279967, 0.315715
15290, 0.278089, 0.271092
15284, 0.279666, 0.251591
15280, 0.280528, 0.250837
15266, 0.280315, 0.316439
15262, 0.274432, 0.324653
15261, 0.278858, 0.269455
15254, 0.280331, -0.116029
15253, 0.278037, 0.277265
15248, 0.280046, 0.189962
15239, 0.275841, 0.260874
15226, 0.278365, 0.302851
15219, 0.278891, 0.283206
15205, 0.278079, 0.222355
15201, 0.279550, 0.245851
15173, 0.275912, 0.217331
15168, 0.281256, 0.189717
15163, 0.276473, 0.290999
15159, 0.274716, 0.241135
15153, 0.278541, 0.279580
15149, 0.280779, 0.285826
15142, 0.280145, 0.319403
15138, 0.279555, 0.244727
15134, 0.281296, 0.214378
15130, 0.277055, 0.233335
15123, 0.280726, 0.129273
15096, 0.277414, 0.178626
15094, 0.274717, 0.234437
15091, 0.278459, 0.119838
15076, 0.277181, 0.235424
15063, 0.280083, 0.281029
15062, 0.274933, 0.273839
15035, 0.277530, 0.276825
15032, 0.276215, 0.282649
15018, 0.279693, 0.265652
15005, 0.276006, 0.235084
15002, 0.278540, 0.292453
15000, 0.275226, 0.260439
14998, 0.278909, 0.233845
14989, 0.280918, 0.294484
14988, 0.275803, 0.286664
14980, 0.280880, 0.289539
14970, 0.280876, 0.291903
14961, 0.277067, 0.176888
14960, 0.276051, 0.149199
14955, 0.279934, 0.292140
14941, 0.276454, 0.302035
14929, 0.277486, 0.260641
14925, 0.276578, 0.292490
14915, 0.279577, 0.273824
14903, 0.283488, 0.237468
14901, 0.281954, 0.257163
14900, 0.285680, 0.253584
14893, 0.284053, 0.316906
14892, 0.284520, 0.188253
14888, 0.288413, 0.302939
14880, 0.287056, 0.275344
14872, 0.288612, 0.307574
14865, 0.281412, 0.291886
14862, 0.284589, 0.319584
14855, 0.282604, 0.199828
14850, 0.284897, 0.266645
14849, 0.281798, 0.262702
14844, 0.284573, 0.273037
14841, 0.281656, 0.262149
14809, 0.286550, 0.217901
14786, 0.286494, 0.280940
14776, 0.285149, 0.259925
14765, 0.283579, 0.325456
14763, 0.283855, 0.201359
14729, 0.282355, 0.168752
14725, 0.285204, 0.274878
14706, 0.288482, 0.274391
14686, 0.284676, 0.226529
14663, 0.283723, 0.289221
14649, 0.288399, 0.232282
14648, 0.284836, 0.120667
14644, 0.288474, 0.166129
14635, 0.285666, 0.285508
14628, 0.283257, 0.296333
14617, 0.284685, 0.244064
14601, 0.286249, 0.299311
14591, 0.286692, 0.251542
14590, 0.283252, 0.212889
14583, 0.285183, -0.059428
14581, 0.287699, 0.297476
14564, 0.288106, 0.279035
14561, 0.282991, 0.247760
14556, 0.287069, 0.251319
14552, 0.281651, 0.247509
14539, 0.286161, 0.256885
14531, 0.286640, 0.278416
14522, 0.287785, 0.282596
14515, 0.281569, 0.263807
14486, 0.286314, 0.286239
14464, 0.285001, 0.026231
14457, 0.287897, 0.312791
14455, 0.283668, 0.300618
14417, 0.281755, 0.194195
14379, 0.288246, 0.275829
14363, 0.284018, 0.282127
14346, 0.281790, 0.272013
14337, 0.287789, 0.285896
14333, 0.284275, 0.278949
14314, 0.282022, 0.123177
14294, 0.288022, 0.205206
14236, 0.287906, 0.227644
14228, 0.283407, -0.003150
14227, 0.288025, 0.293001
14205, 0.284555, 0.290058
14189, 0.285240, 0.168511
14177, 0.281837, 0.363642
14176, 0.285087, 0.289025
14156, 0.284635, 0.107936
14153, 0.287871, 0.326916
14139, 0.285891, 0.268477
14132, 0.287756, 0.278476
14121, 0.286294, 0.307331
14100, 0.286678, 0.317079
14081, 0.286578, 0.272242
14073, 0.284167, 0.290872
14056, 0.286434, 0.272143
14051, 0.283303, 0.297359
14047, 0.284902, 0.256894
14036, 0.284207, 0.138500
14030, 0.283308, 0.219699
14028, 0.284233, 0.250691
14026, 0.285406, 0.277863
14023, 0.286855, 0.304966
14006, 0.287277, 0.292981
13998, 0.284559, 0.238119
13978, 0.285455, 0.295317
13977, 0.287177, 0.304249
13955, 0.287484, 0.301580
13943, 0.283408, 0.300350
13942, 0.283260, 0.303693
13938, 0.283350, 0.257335
13928, 0.285450, 0.297712
13927, 0.288200, 0.289965
13919, 0.282461, 0.283817
13916, 0.283832, 0.303959
13899, 0.291062, 0.278527
13874, 0.290617, 0.300760
13872, 0.291220, 0.298711
13870, 0.294739, 0.215684
13861, 0.294198, 0.316008
13857, 0.293482, 0.262909
13853, 0.289363, 0.315798
13850, 0.293593, 0.300539
13848, 0.293174, 0.181865
13845, 0.293753, 0.168140
13831, 0.293784, 0.350487
13814, 0.289676, 0.344706
13795, 0.288727, 0.319128
13779, 0.293825, 0.286297
13775, 0.292987, 0.267405
13757, 0.290927, 0.335945
13750, 0.290420, 0.326052
13728, 0.292946, 0.235310
13719, 0.292120, 0.326244
13711, 0.289387, 0.308100
13698, 0.294290, 0.220479
13685, 0.292397, 0.350551
13680, 0.294500, 0.294514
13677, 0.293625, 0.097923
13674, 0.292383, 0.287748
13665, 0.293848, 0.299624
13653, 0.291345, 0.263222
13649, 0.289737, 0.318636
13645, 0.293321, 0.282262
13637, 0.289593, 0.297094
13636, 0.294212, 0.297684
13594, 0.292226, 0.297682
13593, 0.292621, 0.167924
13590, 0.294173, 0.343900
13588, 0.292506, 0.291596
13580, 0.294469, 0.288608
13570, 0.293772, 0.293901
13562, 0.292823, 0.301703
13540, 0.293293, 0.339530
13532, 0.289082, 0.380875
13527, 0.289760, 0.293687
13524, 0.289138, 0.299804
13511, 0.294909, 0.220175
13508, 0.290180, 0.221050
13496, 0.291348, 0.196043
13483, 0.291823, 0.229750
13478, 0.291701, 0.249407
13460, 0.289167, 0.234400
13457, 0.291089, 0.293932
13446, 0.291011, 0.250146
13443, 0.293871, 0.310373
13436, 0.292640, 0.322889
13434, 0.292309, 0.268477
13422, 0.293854, 0.304363
13420, 0.293145, 0.295064
13412, 0.294835, 0.324241
13401, 0.294397, 0.262095
13394, 0.294679, 0.253180
13381, 0.294961, 0.241954
13376, 0.293612, 0.309003
13366, 0.293976, 0.262475
13364, 0.294224, 0.293059
13360, 0.294499, 0.295471
13341, 0.293296, 0.291906
13328, 0.292459, 0.326004
13327, 0.290315, 0.322092
13324, 0.290149, 0.322668
13319, 0.290132, 0.322448
13287, 0.291192, 0.291237
13283, 0.291326, 0.323944
13270, 0.290282, 0.335382
13266, 0.292572, 0.324058
13265, 0.295248, 0.300998
13264, 0.293010, 0.257975
13263, 0.293832, 0.322692
13256, 0.295191, 0.325005
13244, 0.288872, 0.367942
13228, 0.295146, 0.322290
13225, 0.292650, 0.252592
13214, 0.294000, 0.314572
13211, 0.290244, 0.272978
13208, 0.293664, 0.263288
13169, 0.289822, 0.298718
13165, 0.289686, 0.299468
13164, 0.289474, 0.266470
13148, 0.290515, 0.308993
13144, 0.293817, 0.307852
13134, 0.294062, 0.259147
13130, 0.289271, 0.292699
13127, 0.290642, 0.296237
13119, 0.290592, 0.320071
13114, 0.292280, 0.285939
13106, 0.292366, 0.245643
13104, 0.291122, 0.301205
13092, 0.290102, 0.281794
13050, 0.289568, 0.314524
13045, 0.289571, 0.303803
13033, 0.293503, 0.300520
13005, 0.294199, 0.301816
12992, 0.290582, 0.297625
12991, 0.294645, 0.297287
12988, 0.291521, 0.312143
12987, 0.291424, 0.306735
12974, 0.291322, 0.253893
12972, 0.294968, 0.310883
12968, 0.293883, 0.302732
12961, 0.292306, 0.309664
12960, 0.289733, 0.287465
12955, 0.289222, 0.288026
12951, 0.290830, 0.297016
12946, 0.290091, 0.303210
12931, 0.294243, 0.309057
12923, 0.294316, 0.292941
12922, 0.292675, 0.277959
12916, 0.288975, 0.242875
12910, 0.291709, 0.193032
12906, 0.294822, 0.228939
12888, 0.300029, 0.299266
12875, 0.299915, 0.302372
12864, 0.299964, 0.333720
12858, 0.300022, 0.351964
12857, 0.297785, 0.311520
12854, 0.297405, 0.319913
12852, 0.299951, 0.276443
12849, 0.297054, 0.213795
12847, 0.299622, 0.239002
12821, 0.296634, 0.340456
12818, 0.299257, 0.314732
12789, 0.297750, 0.314094
12773, 0.300299, 0.279898
12770, 0.297054, 0.213029
12735, 0.300002, 0.298058
12734, 0.299777, 0.307095
12727, 0.297054, -0.092789
12723, 0.298626, 0.239711
12721, 0.295466, 0.240823
12711, 0.299097, 0.301260
12710, 0.297054, 0.356544
12708, 0.298439, 0.314123
12700, 0.297054, 0.307076
12689, 0.295341, 0.254029
12678, 0.297340, 0.298025
12673, 0.300051, 0.314752
12668, 0.299597, 0.303577
12665, 0.296798, 0.346403
12660, 0.295440, 0.084003
12654, 0.297073, 0.308207
12644, 0.297099, 0.201472
12617, 0.295334, 0.314586
12609, 0.300325, 0.048316
12599, 0.295318, 0.237828
12593, 0.299497, 0.224251
12591, 0.299696, 0.248768
12589, 0.300268, 0.208056
12584, 0.295729, 0.262793
12582, 0.298261, 0.258713
12580, 0.300209, 0.338313
12578, 0.295367, 0.251519
12576, 0.296095, 0.038939
12552, 0.297256, 0.331506
12547, 0.299682, 0.293834
12544, 0.296416, 0.274882
12536, 0.298386, 0.296054
12535, 0.300343, 0.237715
12533, 0.298904, 0.292010
12508, 0.299537, 0.298773
12504, 0.296207, 0.294406
12471, 0.296049, -0.049764
12463, 0.297696, 0.330346
12455, 0.297591, 0.298341
12449, 0.295653, 0.263364
12440, 0.298792, 0.258076
12416, 0.299265, 0.097505
12403, 0.296173, 0.275481
12389, 0.296970, 0.232150
12386, 0.297761, 0.290504
12384, 0.295843, 0.310230
12377, 0.299902, 0.323704
12376, 0.298893, 0.333497
12369, 0.300163, 0.319541
12365, 0.298917, 0.326430
12353, 0.295904, 0.267328
12346, 0.297202, 0.305956
12338, 0.296554, 0.243282
12322, 0.298989, 0.302615
12315, 0.297512, 0.289860
12307, 0.299567, 0.302617
12289, 0.295588, 0.297704
12238, 0.299708, 0.238915
12231, 0.297341, 0.277814
12223, 0.295618, 0.156820
12217, 0.298975, 0.211244
12215, 0.297054, 0.343407
12212, 0.297054, 0.334405
12211, 0.299742, 0.286321
12208, 0.296886, 0.213384
12204, 0.298161, 0.313123
12185, 0.297054, 0.211635
12183, 0.297723, 0.276449
12155, 0.295495, 0.306784
12136, 0.298679, 0.212585
12129, 0.295455, 0.254807
12126, 0.295867, 0.298347
12117, 0.297577, 0.168283
12108, 0.297535, 0.236551
12083, 0.299828, 0.212842
12070, 0.296557, 0.284374
12062, 0.297054, 0.305356
12046, 0.296955, 0.313151
12033, 0.300351, 0.325434
12025, 0.295410, 0.312129
12011, 0.298956, 0.323605
12010, 0.296393, 0.304495
12006, 0.298099, 0.301091
12002, 0.299588, 0.309892
11997, 0.299226, 0.316008
11994, 0.299376, 0.305887
11982, 0.295562, 0.316187
11971, 0.297106, 0.289387
11969, 0.298025, 0.344208
11960, 0.298758, 0.294010
11958, 0.299341, 0.306713
11951, 0.296056, 0.147618
11950, 0.298366, 0.287232
11943, 0.297879, 0.306070
11939, 0.297753, 0.270672
11934, 0.298578, 0.029928
11932, 0.295853, 0.260325
11911, 0.300910, 0.301647
11902, 0.304953, 0.309490
11901, 0.304189, 0.275604
11898, 0.303849, 0.277758
11892, 0.301832, 0.313738
11880, 0.305801, 0.292047
11869, 0.301218, 0.303066
11866, 0.306287, 0.319747
11843, 0.303103, 0.324038
11839, 0.306169, 0.312007
11834, 0.303689, 0.235252
11831, 0.302893, 0.259164
11819, 0.304890, 0.191732
11812, 0.301493, 0.282135
11808, 0.300850, 0.262040
11807, 0.303739, 0.183606
11805, 0.304691, 0.210806
11796, 0.304772, 0.314770
11791, 0.306094, 0.272360
11788, 0.302038, 0.353991
11787, 0.305040, 0.331251
11770, 0.303336, 0.292547
11761, 0.304958, 0.292092
11744, 0.305456, 0.313292
11740, 0.305947, 0.252229
11739, 0.306089, 0.322301
11735, 0.302222, 0.254773
11732, 0.305235, 0.298004
11728, 0.302248, 0.293726
11727, 0.302318, 0.241584
11721, 0.302007, 0.310197
11715, 0.303770, 0.302694
11714, 0.306510, 0.232833
11712, 0.301494, 0.261393
11710, 0.302187, 0.283221
11708, 0.306120, 0.263132
11704, 0.301661, 0.276981
11681, 0.300901, 0.339746
11667, 0.303616, 0.295315
11660, 0.301581, 0.297854
11656, 0.302692, 0.303028
11624, 0.304561, 0.388634
11606, 0.304748, 0.285708
11598, 0.303593, 0.232498
11580, 0.304849, 0.254523
11567, 0.305100, 0.256903
11551, 0.305971, 0.135706
11545, 0.300745, 0.027248
11517, 0.300910, 0.309019
11503, 0.304372, 0.200328
11484, 0.306480, 0.272817
11482, 0.305595, 0.343449
11464, 0.300377, 0.284372
11461, 0.302816, 0.286787
11460, 0.306149, 0.307598
11439, 0.303340, 0.353979
11389, 0.302513, 0.202000
11382, 0.301046, 0.297659
11366, 0.304012, 0.250103
11364, 0.304097, 0.216200
11340, 0.301370, 0.277398
11335, 0.303423, 0.299670
11334, 0.304246, 0.297378
11315, 0.303179, 0.297154
11311, 0.300354, 0.320141
11296, 0.300796, 0.315862
11295, 0.303864, 0.288283
11286, 0.305415, 0.206880
11259, 0.306483, 0.163037
11257, 0.303845, 0.304300
11256, 0.305810, 0.296748
11255, 0.305007, 0.298791
11240, 0.300581, 0.314128
11237, 0.305082, 0.245945
11234, 0.300823, 0.244161
11210, 0.303147, 0.285355
11201, 0.301710, 0.302621
11178, 0.305156, 0.268980
11173, 0.305202, 0.326064
11169, 0.303181, 0.311950
11162, 0.302660, 0.358391
11153, 0.302336, 0.368092
11148, 0.300373, 0.318467
11141, 0.305239, 0.308933
11117, 0.304435, 0.327383
11116, 0.303876, 0.313039
11114, 0.301497, 0.330969
11102, 0.303405, 0.319555
11101, 0.306051, 0.320600
11096, 0.305651, 0.324826
11092, 0.304981, 0.310225
11089, 0.304500, 0.314139
11078, 0.304008, 0.303796
11072, 0.305548, 0.313350
11067, 0.306451, 0.317345
11064, 0.303549, 0.354766
11053, 0.301825, 0.314593
11052, 0.303845, 0.312935
11042, 0.304997, 0.303982
11040, 0.305185, 0.306425
11025, 0.305911, 0.325112
11014, 0.306487, 0.330572
11006, 0.300779, 0.301979
11005, 0.302385, 0.298611
11002, 0.305907, 0.304588
10997, 0.301972, 0.293972
10987, 0.302646, 0.301812
10985, 0.306127, 0.316937
10973, 0.300741, 0.292836
10969, 0.305418, 0.278958
10965, 0.304671, 0.292271
10962, 0.303405, 0.305695
10953, 0.304844, 0.292995
10935, 0.305119, 0.356407
10926, 0.304197, 0.209559
10918, 0.306811, 0.354219
10911, 0.309231, 0.214499
10884, 0.311779, 0.340263
10871, 0.311167, 0.276228
10864, 0.307718, 0.265434
10861, 0.309492, 0.298677
10844, 0.314056, 0.299213
10836, 0.310092, 0.313211
10831, 0.308395, 0.252365
10820, 0.307044, 0.311734
10819, 0.312181, 0.338887
10810, 0.313733, 0.268255
10801, 0.309665, 0.085928
10797, 0.309976, 0.283457
10785, 0.311419, 0.321864
10782, 0.311038, 0.328675
10781, 0.306862, 0.104726
10775, 0.308282, 0.244940
10753, 0.306713, 0.365040
10742, 0.308075, 0.325128
10709, 0.312833, 0.313074
10702, 0.308429, 0.298354
10697, 0.310010, 0.329731
10687, 0.308211, 0.252336
10685, 0.311619, 0.273501
10676, 0.310829, 0.272014
10663, 0.308226, 0.214504
10646, 0.310944, 0.309049
10640, 0.309871, 0.360378
10634, 0.311699, 0.258095
10633, 0.308420, 0.300695
10618, 0.311334, 0.371284
10593, 0.312397, 0.242650
10586, 0.309592, 0.233872
10574, 0.307394, 0.264515
10571, 0.306795, 0.327649
10563, 0.312787, -0.158598
10560, 0.308920, 0.113152
10536, 0.310541, -0.056598
10535, 0.308470, 0.241090
10516, 0.312631, 0.304774
10515, 0.306832, 0.335399
10483, 0.310506, 0.311759
10467, 0.309741, 0.291365
10461, 0.307227, 0.354258
10433, 0.307783, 0.314762
10416, 0.308155, 0.308387
10390, 0.314167, 0.254304
10389, 0.308441, 0.255777
10372, 0.312746, 0.334690
10365, 0.307120, 0.322678
10362, 0.309435, 0.319508
10355, 0.311583, 0.251869
10346, 0.308483, 0.324638
10342, 0.309986, 0.336490
10332, 0.309379, 0.364998
10310, 0.307196, 0.307493
10280, 0.308916, 0.082588
10279, 0.313599, 0.297585
10271, 0.310309, 0.284986
10259, 0.313662, 0.406963
10250, 0.308735, 0.205383
10248, 0.313666, 0.305829
10245, 0.309649, 0.309181
10239, 0.309870, 0.286569
10238, 0.311524, 0.213661
10226, 0.306714, 0.208410
10223, 0.313586, 0.277976
10200, 0.313592, 0.302980
10178, 0.306880, 0.324593
10172, 0.306703, 0.299943
10164, 0.308311, 0.212533
10160, 0.308355, 0.305958
10143, 0.306764, 0.310220
10141, 0.308347, 0.335604
10119, 0.307918, 0.312859
10117, 0.311551, 0.328140
10108, 0.312336, 0.316761
10101, 0.308643, 0.316646
10099, 0.308715, 0.303644
10098, 0.308705, 0.312703
10079, 0.310653, 0.319517
10067, 0.306590, 0.344032
10062, 0.310572, 0.309959
10054, 0.313178, 0.319795
10029, 0.313503, 0.322876
10021, 0.313949, 0.312721
10016, 0.308775, 0.330555
10003, 0.309526, 0.331083
9984, 0.310913, 0.313148
9969, 0.314173, 0.282879
9950, 0.313678, 0.336497
9946, 0.314277, 0.312118
9945, 0.308888, 0.349991
9936, 0.308777, 0.307383
9931, 0.313853, 0.339804
9912, 0.315487, 0.270138
9908, 0.319483, 0.145611
9893, 0.318758, 0.209621
9890, 0.321523, 0.325305
9879, 0.317180, 0.351066
9865, 0.314650, 0.305942
9842, 0.318416, 0.315149
9835, 0.317950, 0.194141
9821, 0.316162, 0.271268
9818, 0.317584, 0.257724
9812, 0.315545, 0.244715
9802, 0.318348, 0.255853
9796, 0.317531, 0.109939
9795, 0.321235, 0.344673
9793, 0.317683, 0.277216
9778, 0.314536, 0.321331
9773, 0.316431, 0.202608
9764, 0.321668, 0.396618
9762, 0.321539, 0.255074
9757, 0.318554, 0.193369
9744, 0.320534, 0.247191
9742, 0.317547, 0.299000
9739, 0.320754, 0.306706
9720, 0.319343, 0.309802
9710, 0.315483, 0.342097
9700, 0.318097, 0.322443
9689, 0.321607, 0.246590
9686, 0.319687, 0.263652
9675, 0.315823, 0.331322
9650, 0.316123, 0.344722
9646, 0.321365, 0.337015
9627, 0.318738, -0.051979
9626, 0.317862, 0.310117
9620, 0.320716, 0.300061
9619, 0.318559, 0.180787
9618, 0.317506, 0.190872
9614, 0.318607, 0.186321
9613, 0.318730, 0.187669
9609, 0.318708, 0.187182
9608, 0.318173, 0.271826
9606, 0.315346, 0.145978
9603, 0.319381, 0.224080
9520, 0.315660, 0.277484
9514, 0.315156, 0.279109
9507, 0.318502, 0.316257
9503, 0.316566, 0.350986
9481, 0.320959, 0.315839
9479, 0.314642, 0.307932
9466, 0.314539, 0.292373
9450, 0.322108, 0.239448
9439, 0.316049, 0.301782
9420, 0.322736, 0.340294
9404, 0.317930, 0.233019
9394, 0.314455, 0.300243
9382, 0.318884, 0.257977
9345, 0.319865, 0.258411
9341, 0.319853, 0.299598
9338, 0.322529, 0.302925
9331, 0.321112, 0.327817
9329, 0.316044, 0.332264
9327, 0.314464, 0.325370
9301, 0.319634, 0.211589
9292, 0.318546, 0.319104
9286, 0.320330, 0.321300
9274, 0.317817, 0.299759
9272, 0.319269, 0.313905
9260, 0.322345, 0.295816
9250, 0.320829, 0.341807
9246, 0.322883, 0.310575
9228, 0.322413, 0.223739
9226, 0.315597, 0.277564
9215, 0.316258, 0.308802
9214, 0.315704, 0.303300
9188, 0.320686, 0.334365
9182, 0.318598, 0.318857
9176, 0.315086, 0.333088
9149, 0.321770, 0.324170
9148, 0.317559, 0.322307
9147, 0.322717, 0.308905
9142, 0.316244, 0.306492
9140, 0.322828, 0.313782
9126, 0.315772, 0.316936
9112, 0.318090, 0.319941
9097, 0.315489, 0.314511
9091, 0.318206, 0.308825
9084, 0.318784, 0.340513
9068, 0.320540, 0.325927
9063, 0.315068, 0.320037
9021, 0.318050, 0.310241
9013, 0.320781, 0.298624
9008, 0.320921, 0.327039
8984, 0.318063, 0.320868
8982, 0.321963, 0.331232
8976, 0.318936, 0.326187
8963, 0.314910, 0.306504
8942, 0.321346, 0.304571
8941, 0.321469, 0.327632
8924, 0.325427, 0.157573
8900, 0.328036, 0.305729
8899, 0.326454, 0.207390
8890, 0.330463, 0.289224
8885, 0.331959, 0.338969
8876, 0.327471, 0.300265
8873, 0.329528, 0.083393
8841, 0.327174, 0.298858
8821, 0.329454, 0.268391
8819, 0.327539, 0.184881
8811, 0.328542, 0.244513
8809, 0.329058, 0.290806
8796, 0.325103, 0.227275
8793, 0.328130, 0.292040
8792, 0.332107, 0.389284
8776, 0.331733, 0.306348
8766, 0.325269, 0.368165
8750, 0.327219, 0.297237
8739, 0.331777, 0.299298
8731, 0.326002, 0.392787
8726, 0.323122, 0.328283
8718, 0.326479, 0.308776
8714, 0.323459, 0.320412
8706, 0.332045, 0.257790
8703, 0.325020, 0.279463
8694, 0.326485, 0.280274
8676, 0.327909, 0.171570
8657, 0.331988, 0.228590
8655, 0.328841, 0.180280
8637, 0.331139, 0.248516
8629, 0.327284, 0.239583
8620, 0.328498, 0.315197
8606, 0.329966, 0.337174
8587, 0.325614, 0.305754
8585, 0.323458, 0.297217
8582, 0.324374, 0.302706
8579, 0.323785, 0.296204
8573, 0.332578, 0.242773
8565, 0.325716, 0.236983
8561, 0.323887, 0.343451
8555, 0.327060, 0.371106
8550, 0.325190, 0.314521
8542, 0.331393, 0.260369
8524, 0.329603, 0.185814
8522, 0.329109, 0.308437
8510, 0.324569, 0.338599
8506, 0.326027, 0.310585
8501, 0.328008, 0.286386
8498, 0.328150, 0.249782
8490, 0.325462, 0.298477
8479, 0.326764, 0.309055
8476, 0.331625, 0.186841
8455, 0.324381, 0.152921
8445, 0.329580, 0.194177
8444, 0.324916, 0.387214
8443, 0.327099, 0.259015
8429, 0.330093, 0.339904
8419, 0.326273, 0.283320
8418, 0.324099, 0.303771
8410, 0.329886, 0.313587
8393, 0.325872, 0.328030
8381, 0.326331, 0.331906
8377, 0.325692, 0.298114
8369, 0.325609, 0.199392
8365, 0.330015, 0.263898
8359, 0.330303, 0.252198
8351, 0.326120, 0.320133
8339, 0.328269, 0.322905
8317, 0.324005, 0.314111
8280, 0.325182, 0.327716
8261, 0.325610, 0.326932
8249, 0.326901, 0.321446
8236, 0.327328, 0.335374
8229, 0.327560, 0.321486
8224, 0.332006, 0.321508
8223, 0.324478, 0.326947
8222, 0.327954, 0.324725
8211, 0.330490, 0.324627
8206, 0.331211, 0.235357
8193, 0.328551, 0.278547
8192, 0.326437, 0.307473
8190, 0.330698, 0.262557
8174, 0.324312, 0.343140
8168, 0.324130, 0.333989
8166, 0.324006, 0.307724
8159, 0.327893, 0.326535
8141, 0.331950, 0.331330
8129, 0.326818, 0.319645
8114, 0.332707, 0.331443
8111, 0.323861, 0.317221
8108, 0.327057, 0.314584
8101, 0.327359, 0.329499
8090, 0.328306, 0.311015
8066, 0.325396, 0.330038
8055, 0.326065, 0.323705
8045, 0.323915, 0.318619
8038, 0.331454, 0.337395
8033, 0.323877, 0.315110
8004, 0.323696, 0.310358
7993, 0.331318, 0.348844
7991, 0.326249, 0.306403
7989, 0.329736, 0.324776
7978, 0.324618, 0.311405
7969, 0.323370, 0.310533
7958, 0.326253, 0.315119
7953, 0.330684, 0.301636
7940, 0.332077, 0.298393
7936, 0.324613, 0.319579
7918, 0.337658, 0.235501
7910, 0.336109, 0.287039
7901, 0.341957, 0.284586
7890, 0.338921, 0.329284
7886, 0.337016, 0.219727
7853, 0.339688, 0.188422
7852, 0.336291, 0.308457
7840, 0.333621, 0.223883
7835, 0.341886, 0.339273
7815, 0.340864, 0.216441
7808, 0.333692, 0.198458
7806, 0.334653, 0.341590
7801, 0.336114, 0.283255
7791, 0.335995, 0.274649
7789, 0.333411, 0.356331
7787, 0.343298, 0.270014
7766, 0.332972, 0.333197
7762, 0.335907, 0.306760
7727, 0.334346, 0.262977
7722, 0.343047, 0.268050
7719, 0.335092, 0.262574
7710, 0.343459, -0.147463
7701, 0.339051, 0.289091
7692, 0.340853, 0.281668
7684, 0.334329, 0.257598
7671, 0.338040, 0.162158
7664, 0.332965, -0.004772
7662, 0.340984, 0.294109
7661, 0.340274, 0.275724
7659, 0.337165, 0.268220
7650, 0.336668, 0.303225
7648, 0.339560, 0.192435
7637, 0.336033, 0.308666
7635, 0.342311, 0.292652
7599, 0.343429, 0.160529
7591, 0.337949, 0.287209
7589, 0.337677, 0.288053
7587, 0.343152, 0.268872
7585, 0.335902, 0.239204
7579, 0.334085, 0.398413
7577, 0.335648, 0.328218
7559, 0.339158, 0.346032
7542, 0.342110, 0.210030
7530, 0.342677, 0.167470
7526, 0.336345, 0.249539
7524, 0.332838, 0.112887
7490, 0.334008, 0.314168
7479, 0.338423, 0.263862
7468, 0.340540, 0.352076
7463, 0.339397, 0.330036
7460, 0.338258, 0.343617
7459, 0.339549, 0.346705
7439, 0.334139, 0.366021
7421, 0.338355, 0.325145
7420, 0.336631, 0.328149
7418, 0.336715, 0.324642
7404, 0.333184, 0.332953
7384, 0.343268, 0.324567
7373, 0.338703, 0.333544
7369, 0.333053, 0.344181
7362, 0.341156, 0.324809
7359, 0.342996, 0.333984
7341, 0.339410, 0.308540
7340, 0.339685, 0.324804
7334, 0.338376, 0.332803
7320, 0.340248, 0.340044
7316, 0.335779, 0.330085
7314, 0.333395, 0.327550
7307, 0.338876, 0.335012
7290, 0.335518, 0.318701
7289, 0.333292, 0.312485
7278, 0.339186, 0.333796
7274, 0.338680, 0.344315
7271, 0.339751, 0.331684
7260, 0.341549, 0.334908
7252, 0.333994, 0.332855
7250, 0.339541, 0.337350
7244, 0.338905, 0.341532
7240, 0.343435, 0.330535
7236, 0.339602, 0.333743
7227, 0.342907, 0.337366
7225, 0.339873, 0.329131
7223, 0.341196, 0.341726
7201, 0.333677, 0.190433
7197, 0.335785, 0.322980
7184, 0.341186, 0.327273
7181, 0.337140, 0.333394
7179, 0.343445, 0.344094
7163, 0.336967, 0.320174
7161, 0.335230, 0.330794
7152, 0.337483, 0.308332
7140, 0.335795, 0.325074
7136, 0.343491, 0.328117
7116, 0.335811, 0.323185
7095, 0.342785, 0.331060
7094, 0.339996, 0.331204
7084, 0.333815, 0.316661
7073, 0.338935, 0.316672
7069, 0.338987, 0.334808
7068, 0.341177, 0.329338
7062, 0.339719, 0.324548
7059, 0.334295, 0.328197
7058, 0.337880, 0.354039
7048, 0.333057, 0.322618
7037, 0.343458, 0.316650
6992, 0.340333, 0.318775
6978, 0.335786, 0.336964
6977, 0.336346, 0.334500
6968, 0.335650, 0.296196
6958, 0.342269, 0.304820
6944, 0.339161, 0.243641
6943, 0.340975, 0.241646
6938, 0.335355, 0.260048
6924, 0.358059, 0.211363
6910, 0.356908, 0.313495
6898, 0.344381, 0.322907
6895, 0.346149, 0.282477
6890, 0.344299, 0.285916
6887, 0.355414, 0.340633
6884, 0.352073, 0.288209
6879, 0.349312, 0.218637
6871, 0.343688, 0.311883
6867, 0.344498, 0.361555
6865, 0.357492, 0.248247
6859, 0.350083, 0.351515
6844, 0.346287, 0.277745
6841, 0.349571, 0.129419
6832, 0.357450, 0.209923
6825, 0.349721, 0.306832
6811, 0.354963, 0.143525
6808, 0.355861, 0.357244
6784, 0.353897, 0.255747
6762, 0.348146, 0.350201
6749, 0.352454, 0.370307
6745, 0.350873, 0.310008
6742, 0.346443, 0.284811
6730, 0.358033, 0.322064
6718, 0.345014, 0.283237
6705, 0.355735, 0.121979
6685, 0.350226, 0.163405
6649, 0.349667, 0.188421
6645, 0.352966, 0.299376
6632, 0.343718, 0.242274
6631, 0.350362, 0.222617
6624, 0.347445, 0.288645
6620, 0.350308, 0.287398
6614, 0.349660, 0.256099
6603, 0.357952, 0.280383
6597, 0.348588, 0.227561
6594, 0.346400, 0.361401
6577, 0.353842, 0.284865
6568, 0.344625, 0.288938
6552, 0.348173, 0.235115
6546, 0.351564, 0.214205
6541, 0.356472, 0.249000
6540, 0.354456, 0.275497
6539, 0.353945, 0.293634
6531, 0.353159, 0.349705
6530, 0.348360, 0.325385
6520, 0.352531, 0.269353
6516, 0.351117, 0.220744
6501, 0.343908, 0.181947
6498, 0.344678, 0.348980
6490, 0.356822, 0.337803
6481, 0.348107, 0.261752
6476, 0.356471, 0.319732
6459, 0.347099, 0.308711
6450, 0.356882, 0.200108
6449, 0.344198, 0.242058
6446, 0.353938, 0.341421
6442, 0.349179, 0.285458
6434, 0.356233, 0.299045
6428, 0.343567, 0.294618
6422, 0.356102, 0.316276
6418, 0.350552, 0.265536
6412, 0.357318, 0.308763
6410, 0.343729, 0.358826
6405, 0.357380, 0.359202
6392, 0.350916, 0.347847
6391, 0.344162, 0.343378
6379, 0.354585, 0.294813
6374, 0.355042, 0.161541
6370, 0.343886, 0.042241
6359, 0.355529, 0.340296
6349, 0.344739, 0.328180
6341, 0.350035, 0.337304
6338, 0.351141, 0.343001
6322, 0.344828, 0.350057
6321, 0.347887, 0.340366
6314, 0.348238, 0.338881
6307, 0.346689, 0.328857
6305, 0.345399, 0.335848
6291, 0.344046, 0.344840
6286, 0.353676, 0.331143
6285, 0.347680, 0.332521
6278, 0.352963, 0.341208
6269, 0.346159, 0.331896
6263, 0.348587, 0.333050
6252, 0.343634, 0.321826
6236, 0.356598, 0.290662
6228, 0.345006, 0.324216
6201, 0.357819, 0.331367
6199, 0.356098, 0.319492
6198, 0.348166, 0.320360
6186, 0.346380, 0.325288
6160, 0.349211, 0.326859
6155, 0.345255, 0.334651
6153, 0.354195, 0.316581
6148, 0.357862, 0.325069
6147, 0.346050, 0.334330
6144, 0.343815, 0.331218
6137, 0.355123, 0.331351
6121, 0.358132, 0.318681
6118, 0.344054, 0.313606
6116, 0.355310, 0.318669
6112, 0.349080, 0.341990
6096, 0.358078, 0.341738
6077, 0.348527, 0.340675
6058, 0.356728, 0.312409
6053, 0.353169, 0.330783
6038, 0.347988, 0.377411
6027, 0.348885, 0.309522
6002, 0.350767, 0.351429
5975, 0.345276, 0.321330
5974, 0.354005, 0.327276
5966, 0.352061, 0.325697
5953, 0.343869, 0.341936
5942, 0.358192, 0.200156
5938, 0.346102, 0.267060
5937, 0.344737, 0.299707
5903, 0.365438, 0.366147
5891, 0.362097, 0.294129
5879, 0.371115, 0.320961
5849, 0.360966, 0.363159
5832, 0.369957, 0.207639
5797, 0.360256, 0.289272
5768, 0.360300, 0.290387
5752, 0.365698, 0.233004
5748, 0.373999, 0.295902
5747, 0.370373, 0.325996
5718, 0.368671, 0.230905
5708, 0.376896, 0.380031
5704, 0.363654, 0.366996
5696, 0.365537, 0.299020
5692, 0.376372, -0.106291
5681, 0.373436, 0.187806
5663, 0.365197, 0.303667
5656, 0.377022, 0.118647
5649, 0.367638, 0.120050
5637, 0.375669, 0.075484
5636, 0.367769, 0.297214
5630, 0.368457, 0.171260
5622, 0.378814, -0.114879
5614, 0.360156, 0.067332
5607, 0.375372, 0.334448
5603, 0.373205, 0.212476
5599, 0.360920, 0.254114
5595, 0.360156, 0.264577
5591, 0.372216, 0.134487
5570, 0.379157, 0.339438
5556, 0.375073, 0.374835
5549, 0.379814, 0.302568
5548, 0.362588, 0.219588
5535, 0.373238, 0.312258
5528, 0.364789, 0.306472
5527, 0.378417, 0.329544
5521, 0.376479, 0.355816
5514, 0.376786, 0.156895
5510, 0.373050, 0.340481
5502, 0.381078, 0.291555
5466, 0.370374, 0.342264
5455, 0.380167, 0.206584
5454, 0.360598, 0.251267
5421, 0.371296, 0.281143
5417, 0.359607, 0.248697
5403, 0.364158, 0.284335
5384, 0.375938, 0.266661
5383, 0.364471, -0.155694
5382, 0.371374, 0.031124
5374, 0.366865, 0.160204
5369, 0.362619, 0.199689
5354, 0.371131, 0.206073
5340, 0.370491, 0.327941
5336, 0.362531, 0.308021
5334, 0.371491, 0.332300
5333, 0.367959, 0.310841
5327, 0.362119, 0.338712
5325, 0.359064, 0.327134
5314, 0.364571, 0.326649
5313, 0.361049, 0.196766
5264, 0.379985, 0.414517
5240, 0.372219, 0.328271
5231, 0.372332, 0.200508
5220, 0.367652, 0.330166
5213, 0.375386, 0.324595
5207, 0.377595, 0.337952
5197, 0.371812, 0.327322
5191, 0.370945, 0.327834
5188, 0.365431, 0.322818
5183, 0.361622, 0.322602
5137, 0.369198, 0.317274
5136, 0.364130, 0.339461
5114, 0.363784, 0.312699
5091, 0.380885, 0.305009
5071, 0.368808, 0.325452
5070, 0.368387, 0.354950
5059, 0.380133, 0.342597
5052, 0.363454, 0.360916
5033, 0.360674, 0.355616
5022, 0.380356, 0.309797
5021, 0.375461, 0.313464
5017, 0.362491, 0.416037
5012, 0.365084, 0.299669
5006, 0.376812, 0.342321
5003, 0.376181, 0.331192
4993, 0.370810, 0.316809
4992, 0.361555, 0.316141
4983, 0.379283, 0.310679
4980, 0.376827, 0.341804
4978, 0.375606, 0.299005
4968, 0.362464, 0.344523
4967, 0.376011, 0.322047
4958, 0.361691, 0.312059
4956, 0.380596, 0.343116
4954, 0.381016, 0.324487
4952, 0.360766, 0.339627
4938, 0.377146, 0.263900
4923, 0.391002, 0.257152
4912, 0.394489, 0.301764
4910, 0.395624, 0.332949
4890, 0.404861, 0.280687
4880, 0.387346, 0.215115
4874, 0.389817, 0.352428
4861, 0.405807, 0.303703
4840, 0.403766, 0.284288
4826, 0.395695, 0.240022
4815, 0.413239, 0.174676
4811, 0.393141, 0.373042
4800, 0.411538, 0.278342
4797, 0.418216, 0.284044
4793, 0.395876, 0.194292
4792, 0.413536, 0.245878
4757, 0.393154, 0.304070
4756, 0.389972, -0.033765
4754, 0.391747, 0.265267
4743, 0.400627, 0.278928
4740, 0.399347, -0.042065
4733, 0.392315, 0.257829
4731, 0.396528, 0.346813
4705, 0.393437, 0.316630
4627, 0.405062, 0.302062
4613, 0.403900, 0.245982
4607, 0.391165, 0.297502
4599, 0.394794, 0.203325
4594, 0.404208, 0.189460
4589, 0.415781, 0.261133
4583, 0.398836, 0.172235
4576, 0.383326, 0.009418
4572, 0.388912, 0.085029
4570, 0.406082, 0.145312
4566, 0.395383, -0.023902
4560, 0.394116, 0.105110
4538, 0.417776, 0.097772
4513, 0.390827, 0.369852
4472, 0.392953, 0.361785
4462, 0.402622, 0.235318
4456, 0.389806, 0.239441
4446, 0.389965, 0.218567
4438, 0.400120, 0.307995
4430, 0.401599, 0.301492
4411, 0.391994, 0.301616
4406, 0.414213, 0.253048
4399, 0.402008, 0.219971
4394, 0.382598, 0.341976
4390, 0.390742, 0.386788
4367, 0.405785, 0.284403
4366, 0.419918, 0.290945
4364, 0.420073, 0.287387
4356, 0.386701, 0.219871
4350, 0.394845, 0.291287
4347, 0.418129, 0.294115
4343, 0.415416, 0.331136
4339, 0.410007, 0.297687
4335, 0.397622, 0.308571
4328, 0.389348, 0.377681
4327, 0.387561, 0.250620
4323, 0.386153, 0.344833
4300, 0.404760, 0.280751
4288, 0.402320, 0.483608
4282, 0.413704, 0.225311
4278, 0.415280, 0.348239
4274, 0.414337, 0.331503
4272, 0.403593, 0.241965
4270, 0.408493, 0.024199
4259, 0.387176, 0.245550
4248, 0.394148, 0.313840
4243, 0.389651, 0.363564
4237, 0.397118, 0.308659
4224, 0.420131, 0.273075
4175, 0.386907, 0.305707
4162, 0.410870, 0.349005
4159, 0.407651, 0.337939
4141, 0.407025, 0.338161
4135, 0.388343, 0.244230
4116, 0.383297, 0.324439
4093, 0.385401, 0.324223
4079, 0.388083, 0.310441
4074, 0.390103, 0.395472
4072, 0.406155, 0.302089
4068, 0.384179, 0.311101
4061, 0.406944, 0.362119
4051, 0.383691, 0.338903
4037, 0.385110, 0.358445
4034, 0.402257, 0.318308
4027, 0.386099, 0.329564
4024, 0.407479, 0.340044
4020, 0.385337, 0.342811
4010, 0.390381, 0.346827
4006, 0.388602, 0.309375
3986, 0.400054, 0.315227
3982, 0.383639, 0.310764
3978, 0.392037, 0.323771
3975, 0.410237, 0.352548
3928, 0.419764, 0.266080
3927, 0.409160, 0.304649
3919, 0.480996, 0.230574
3910, 0.431097, 0.231852
3904, 0.459493, 0.293534
3900, 0.464262, 0.235864
3892, 0.441265, 0.320270
3868, 0.439941, 0.328038
3867, 0.427313, 0.252038
3866, 0.444716, 0.217955
3865, 0.444213, 0.218929
3844, 0.462301, 0.232053
3836, 0.434684, 0.263126
3830, 0.456538, 0.210143
3826, 0.457865, 0.382978
3824, 0.425869, 0.183266
3817, 0.422585, 0.212133
3816, 0.473778, 0.291103
3813, 0.449779, 0.215756
3804, 0.435800, 0.298922
3792, 0.462039, 0.392823
3791, 0.463156, 0.174919
3787, 0.448883, 0.335598
3782, 0.462494, 0.320126
3781, 0.453375, 0.238927
3772, 0.443097, 0.264611
3764, 0.458528, 0.298693
3755, 0.476440, 0.245029
3740, 0.448022, 0.273021
3733, 0.478892, 0.173822
3731, 0.452119, 0.279355
3720, 0.455969, 0.328521
3719, 0.439011, 0.288835
3713, 0.425349, 0.188076
3703, 0.459963, 0.341008
3684, 0.426083, 0.350517
3673, 0.478794, 0.034068
3662, 0.431115, 0.309771
3653, 0.441050, 0.315485
3650, 0.444745, 0.050026
3616, 0.442006, -0.001632
3596, 0.422889, 0.094159
3581, 0.434698, 0.284307
3561, 0.442513, 0.200155
3549, 0.436656, 0.239244
3543, 0.457377, 0.312797
3534, 0.452142, -0.167271
3511, 0.466937, 0.219213
3499, 0.441647, 0.176758
3477, 0.462084, 0.420534
3474, 0.476321, 0.400526
3471, 0.471589, 0.220676
3458, 0.426328, 0.161605
3453, 0.446309, 0.341263
3443, 0.453971, 0.167031
3431, 0.455883, 0.325142
3427, 0.450078, 0.260422
3418, 0.423814, 0.322370
3404, 0.421502, 0.305332
3396, 0.441896, 0.281572
3378, 0.464300, 0.316159
3375, 0.467410, 0.259156
3358, 0.443936, 0.382720
3356, 0.429530, 0.352546
3341, 0.446959, 0.275686
3334, 0.463134, 0.243577
3328, 0.481540, 0.189934
3326, 0.448080, 0.415550
3322, 0.462687, 0.232811
3311, 0.459301, 0.346464
3292, 0.427536, 0.269620
3284, 0.422922, 0.343198
3281, 0.456190, 0.299419
3272, 0.442791, 0.271847
3268, 0.447336, 0.220661
3260, 0.428408, 0.231471
3244, 0.423819, 0.314051
3233, 0.421181, 0.226458
3226, 0.446115, 0.223269
3219, 0.478144, 0.217641
3204, 0.444755, 0.460255
3200, 0.452332, 0.235400
3177, 0.461031, 0.238802
3170, 0.472335, 0.353817
3164, 0.427111, 0.310694
3161, 0.431767, 0.329004
3147, 0.440731, 0.307835
3136, 0.451655, 0.251942
3126, 0.460426, 0.275504
3122, 0.454232, 0.372628
3121, 0.431425, 0.393884
3111, 0.445002, 0.353199
3110, 0.480840, 0.417091
3094, 0.460211, 0.378684
3060, 0.429545, 0.270459
3053, 0.478316, -0.043464
3046, 0.423184, 0.330308
3040, 0.457436, 0.192413
3014, 0.433106, 0.311270
2993, 0.425461, 0.317020
2986, 0.448070, 0.340541
2954, 0.442290, 0.208098
2933, 0.479644, 0.290087
2916, 0.498979, 0.239471
2912, 0.513587, 0.276057
2911, 0.491371, 0.289982
2910, 0.505873, 0.338853
2894, 0.523907, 0.350585
2883, 0.488849, 0.227969
2878, 0.497167, 0.279243
2868, 0.576337, 0.350648
2855, 0.510201, 0.316092
2852, 0.528921, 0.212677
2833, 0.524340, 0.246345
2832, 0.532388, 0.309759
2827, 0.491772, 0.253439
2812, 0.537663, 0.263986
2808, 0.550024, 0.218509
2798, 0.569164, 0.183558
2793, 0.530477, 0.247145
2787, 0.525714, 0.326348
2785, 0.576286, 0.324346
2784, 0.517985, 0.262646
2783, 0.504062, 0.234131
2776, 0.510597, 0.325902
2744, 0.492646, 0.304470
2735, 0.522506, 0.270087
2710, 0.523552, 0.160186
2709, 0.535563, 0.201320
2700, 0.493900, 0.317312
2687, 0.519805, 0.145144
2672, 0.520994, 0.412761
2654, 0.487576, 0.266880
2633, 0.488252, 0.083097
2631, 0.547112, 0.188438
2624, 0.545105, 0.364950
2617, 0.514911, 0.278114
2609, 0.529221, 0.096580
2600, 0.483280, -0.113722
2578, 0.548076, 0.267558
2577, 0.508448, 0.072913
2576, 0.500658, 0.274342
2572, 0.511499, 0.328634
2568, 0.493006, 0.363264
2544, 0.563892, 0.367619
2535, 0.569431, 0.333478
2529, 0.526781, 0.124440
2514, 0.506334, 0.417958
2501, 0.499978, 0.329301
2500, 0.490353, 0.144907
2499, 0.530829, 0.394140
2492, 0.512894, 0.279670
2489, 0.511501, 0.286318
2468, 0.509759, 0.307157
2465, 0.554716, 0.266211
2460, 0.526930, 0.323214
2439, 0.541386, 0.382679
2432, 0.541231, 0.355197
2428, 0.493307, 0.275765
2421, 0.498621, 0.336698
2420, 0.490025, 0.325855
2395, 0.499026, 0.336720
2390, 0.484750, 0.230151
2384, 0.567576, 0.237079
2367, 0.506441, 0.251310
2349, 0.494711, 0.285670
2342, 0.497347, 0.273828
2305, 0.509461, 0.017471
2299, 0.554618, 0.375391
2298, 0.489479, 0.252623
2275, 0.485478, 0.203495
2274, 0.534378, 0.310088
2254, 0.558698, 0.517073
2251, 0.564986, 0.360540
2245, 0.488247, 0.365726
2236, 0.521611, 0.414228
2219, 0.541042, 0.354245
2218, 0.553221, 0.340385
2204, 0.501588, 0.186987
2181, 0.528650, 0.395772
2170, 0.515078, 0.366787
2165, 0.501642, 0.362247
2163, 0.560155, 0.290711
2161, 0.523610, 0.390265
2157, 0.564133, 0.373241
2154, 0.512728, 0.340128
2139, 0.534985, 0.356887
2136, 0.545205, 0.334123
2133, 0.576270, 0.482540
2132, 0.514208, 0.277471
2128, 0.520406, 0.338411
2124, 0.572780, 0.410512
2121, 0.483858, 0.388537
2120, 0.565785, 0.312601
2097, 0.513426, 0.276381
2090, 0.577613, 0.279130
2082, 0.494623, 0.174622
2073, 0.574693, 0.236573
2070, 0.537736, 0.461394
2052, 0.553766, 0.421780
2049, 0.572375, 0.329181
2040, 0.504490, 0.359679
2039, 0.563597, 0.409419
2031, 0.543791, 0.421821
2018, 0.493108, 0.242291
2006, 0.562711, 0.263076
2004, 0.497052, 0.335887
1998, 0.524880, 0.218089
1994, 0.535802, 0.290296
1967, 0.486628, 0.262810
1948, 0.518133, 0.244890
1932, 0.574523, 0.262722
1903, 0.654855, 0.221931
1870, 0.593837, 0.215921
1866, 0.694581, 0.282123
1852, 0.671451, 0.247220
1838, 0.648968, 0.338087
1831, 0.579419, 0.197465
1828, 0.709261, 0.321564
1824, 0.604004, 0.280611
1819, 0.603495, 0.342745
1808, 0.722117, 0.275827
1785, 0.595768, 0.395793
1784, 0.661718, 0.076090
1778, 0.607555, 0.339233
1762, 0.593294, 0.291041
1749, 0.625257, 0.288325
1744, 0.678147, 0.262569
1741, 0.663438, 0.388549
1735, 0.590616, 0.311351
1733, 0.688687, 0.228235
1732, 0.653003, 0.301178
1728, 0.628698, 0.338729
1721, 0.647180, 0.128176
1701, 0.616414, 0.296773
1697, 0.690883, 0.161514
1685, 0.651039, 0.090540
1671, 0.584435, 0.319916
1668, 0.717125, 0.436002
1664, 0.618140, 0.373051
1661, 0.615611, 0.291786
1658, 0.606152, 0.322541
1641, 0.625682, 0.318377
1617, 0.611802, 0.280493
1610, 0.709040, 0.035284
1607, 0.623154, 0.224775
1603, 0.602243, 0.254746
1594, 0.597207, 0.193161
1559, 0.643849, 0.329181
1556, 0.704371, 0.298366
1552, 0.605832, 0.318467
1548, 0.580653, 0.278903
1541, 0.638659, 0.347564
1530, 0.591063, 0.342954
1512, 0.578782, 0.348233
1491, 0.692616, -0.031702
1481, 0.704275, 0.242658
1474, 0.609773, 0.429164
1473, 0.638174, 0.411574
1462, 0.704558, 0.278373
1459, 0.646286, 0.480966
1441, 0.672330, 0.271449
1427, 0.615716, 0.280053
1408, 0.710286, 0.338946
1403, 0.674364, 0.385668
1398, 0.628178, 0.353103
1393, 0.676267, 0.483748
1355, 0.583107, 0.420166
1345, 0.657072, 0.333008
1330, 0.611338, 0.477587
1326, 0.584829, 0.396067
1321, 0.626622, 0.199960
1316, 0.673749, 0.410055
1304, 0.655820, 0.693061
1303, 0.600640, 0.347961
1296, 0.702685, 0.387972
1290, 0.719163, 0.383797
1287, 0.601565, 0.330334
1286, 0.669002, 0.267434
1270, 0.686899, 0.272826
1253, 0.707879, 0.278597
1239, 0.636334, 0.262978
1230, 0.638755, 0.403622
1223, 0.672295, 0.337655
1214, 0.630806, 0.418823
1203, 0.629545, 0.373527
1200, 0.609254, 0.399909
1194, 0.627403, 0.425249
1181, 0.591223, 0.475896
1179, 0.653163, 0.370276
1175, 0.717080, 0.358911
1166, 0.601604, 0.342707
1163, 0.585199, 0.518389
1153, 0.646194, 0.319440
1151, 0.676360, 0.296978
1147, 0.595571, 0.352695
1146, 0.702090, 0.346649
1126, 0.714538, 0.252253
1125, 0.611508, 0.358215
1104, 0.623448, 0.432063
1101, 0.658413, 0.427770
1097, 0.654418, 0.263469
1096, 0.722992, 0.243901
1093, 0.623550, 0.390809
1089, 0.677511, 0.354379
1085, 0.604026, 0.549031
1084, 0.684279, 0.216695
1076, 0.621087, 0.457697
1050, 0.647615, 0.249292
1047, 0.618027, 0.357684
1033, 0.643712, 0.445210
1025, 0.706508, 0.389303
1016, 0.653655, 0.300779
1011, 0.623755, 0.424897
989, 0.599707, 0.419368
987, 0.611627, 0.259422
979, 0.645372, 0.059482
978, 0.597347, 0.193727
977, 0.627197, 0.095896
952, 0.604705, 0.232699
950, 0.670015, 0.213416
935, 0.718311, 0.244440
933, 0.700317, 0.201310
928, 0.832962, 0.278322
923, 0.742254, 0.243073
902, 0.730729, 0.312470
894, 0.821394, 0.423784
887, 0.821786, 0.290005
881, 0.750078, 0.332250
870, 0.749473, 0.383133
867, 0.891037, 0.288980
860, 0.763187, 0.240214
854, 0.855110, 0.376739
837, 0.972293, 0.497225
830, 0.956894, 0.323880
816, 0.974580, 0.205814
807, 0.997742, 0.292091
806, 0.981694, 0.222044
796, 0.820267, 0.198410
780, 0.892243, 0.231283
778, 0.987733, 0.251113
759, 1.000000, 0.332897
756, 0.727098, 0.324530
754, 0.791880, 0.359070
744, 0.859215, 0.344597
736, 0.898720, 0.337387
724, 0.776454, 0.427154
702, 0.768626, 0.252759
679, 0.843427, 0.283607
658, 0.932911, 0.269135
638, 0.760457, 0.288697
594, 0.914916, 0.254074
586, 0.967001, 0.387533
557, 0.966509, 0.337567
556, 0.840271, 0.315282
537, 0.953073, 0.358254
530, 0.876271, 0.368373
526, 0.792454, 0.315473
525, 0.820755, 0.306142
520, 0.916614, 0.253063
507, 0.871892, 0.351609
502, 0.727695, 0.331223
492, 0.871569, 0.422240
485, 0.814123, 0.318289
474, 0.900295, 0.294336
463, 0.928125, 0.372512
458, 0.948010, 0.321642
440, 0.988404, 0.278043
427, 0.809026, 0.268346
416, 0.838988, 0.315892
415, 0.802489, 0.348381
413, 0.726560, 0.263155
404, 0.897928, 0.307116
403, 0.886741, 0.370109
402, 0.756046, 0.359302
393, 0.858638, 0.400461
391, 0.728130, 0.271042
390, 0.734137, 0.345026
388, 0.745212, 0.414890
387, 0.822758, 0.235808
381, 0.778292, 0.346126
372, 0.800427, 0.230688
369, 0.894944, 0.276025
365, 0.899913, 0.319895
363, 0.983834, 0.300679
361, 0.879968, 0.271173
360, 0.917744, 0.412397
352, 0.752940, 0.289655
344, 0.958516, 0.334911
342, 0.817477, 0.231449
338, 0.868531, 0.261728
322, 0.946447, 0.382439
309, 0.732293, 0.303259
307, 0.726431, 0.399858
305, 0.859495, 0.407347
301, 0.887107, 0.276214
293, 0.744777, 0.352538
285, 0.830761, 0.264600
279, 0.935596, 0.400338
275, 0.800112, 0.321568
265, 0.879031, 0.246134
253, 0.783288, 0.335680
230, 0.760577, 0.448332
185, 0.761594, 0.548666
184, 0.741912, 0.245331
171, 0.902982, 0.345839
167, 0.770909, 0.266918
127, 0.858301, 0.262920
122, 0.751952, 0.319771
120, 0.727118, 0.242410
119, 0.872532, 0.387289
114, 0.920086, 0.270952
108, 0.725761, 0.385196
95, 0.899439, 0.368477
91, 0.906329, 0.442404
83, 0.864947, 0.380299
78, 0.741435, 0.412877
73, 0.773429, 0.317215
70, 0.813650, 0.252175
69, 0.770700, 0.241865
64, 0.750712, 0.407830
62, 0.877049, 0.235706
52, 0.822215, 0.256396
29, 0.986562, 0.171234
27, 0.922010, 0.286655
22, 0.811756, 0.255978
18, 0.970693, 0.294559
13, 0.748571, 0.348183
9, 0.728164, 0.245624
0, 0.858214, 0.261729
