Max=-0.8494740660137831
Min=-0.9788900979325353
